//File Created from Spray glider sat file
//File updated on 06/26/2025 10:29
//Float ID: 25420901
//WMO ID: 25420901
//Missing data value = -1e10
//Data quality flags: 0=Good, 4=Questionable, 8=Bad, 1=Missing or not inspected 
Cruise	Station	Type	mon/day/yr	hh:mm	Lon [°E]	Lat [°N]	QF	Pressure[dbar]	QF	Temperature[°C]	QF	Salinity[pss]	QF	Sigma_theta[kg/m^3]	QF	Depth[m]	QF	Oxygen[µmol/kg]	QF	OxygenSat[%]	QF	Nitrate[µmol/kg]	QF	Chl_a[mg/m^3]	QF	b_bp700[1/m]	QF	pHinsitu[Total]	QF	b_bp532[1/m]	QF	CDOM[ppb]	QF	TALK_CANYONB[µmol/kg]	QF	DIC_CANYONB[µmol/kg]	QF	pCO2_CANYONB[µatm]	QF	SAT_AR_CANYONB[]	QF	pH25C_1atm[Total]	QF	DOWNWELL_PAR[µmol Quanta/m^2/sec]	QF	DOWN_IRRAD380[W/m^2/nm]	QF	DOWN_IRRAD443[W/m^2/nm]	QF	DOWN_IRRAD490[W/m^2/nm]	QF	VRS[Volts]	QF	VRS_STD[Volts]	QF	VK[Volts]	QF	VK_STD[Volts]	QF	IK[nA]	QF	Ib[nA]	QF	PHIN_CANYONB[Total]	QF
25420901	1	C	04/04/2025	14:21	-74.846	35.810	0	2.20	0	20.1741	0	36.2391	0	1025.665	0	2.184	0	213.49	0	95.8	0	-1e10	0	0.4265	0	-1e10	0	8.1515	0	-1e10	0	-1e10	0	2378	0	2037	0	304.1	0	3.644	0	8.0782	0	-1e10	0	-1e10	0	-1e10	0	-1e10	0	-0.919100	0	0.000012	0	-0.973400	0	0.000015	0	38.10	0	-0.08	0	8.0772	0
25420901	1	C	04/04/2025	14:21	-74.846	35.810	0	6.30	0	20.1487	0	36.2670	0	1025.693	0	6.254	0	212.75	0	95.5	0	-1e10	0	0.5130	0	-1e10	0	8.1504	0	-1e10	0	-1e10	0	2379	0	2039	0	305.1	0	3.635	0	8.0768	0	-1e10	0	-1e10	0	-1e10	0	-1e10	0	-0.919190	0	0.000008	0	-0.978100	0	0.000010	0	37.90	0	-0.10	0	8.0765	0
25420901	1	C	04/04/2025	14:21	-74.846	35.810	0	9.80	0	20.1140	0	36.2595	0	1025.697	0	9.728	0	211.92	0	95.0	0	-1e10	0	1.2298	0	-1e10	0	8.1478	0	-1e10	0	-1e10	0	2378	0	2040	0	307.1	0	3.613	0	8.0739	0	-1e10	0	-1e10	0	-1e10	0	-1e10	0	-0.919340	0	0.000011	0	-0.979900	0	0.000010	0	36.80	0	-0.07	0	8.0751	0
25420901	1	C	04/04/2025	14:21	-74.846	35.810	0	13.80	0	20.0750	0	36.2505	0	1025.701	0	13.699	0	211.85	0	94.9	0	-1e10	0	0.6523	0	-1e10	0	8.1438	0	-1e10	0	-1e10	0	2378	0	2043	0	310.6	0	3.580	0	8.0695	0	-1e10	0	-1e10	0	-1e10	0	-1e10	0	-0.919580	0	0.000009	0	-0.981200	0	0.000015	0	38.10	0	-0.10	0	8.0747	0
25420901	1	C	04/04/2025	14:21	-74.846	35.810	0	17.80	0	19.9060	0	36.2090	0	1025.714	0	17.669	0	212.70	0	95.0	0	-1e10	0	0.7082	0	-1e10	0	8.1389	0	-1e10	0	-1e10	0	2376	0	2046	0	314.8	0	3.525	0	8.0622	0	-1e10	0	-1e10	0	-1e10	0	-1e10	0	-0.919940	0	0.000010	0	-0.981800	0	0.000009	0	38.60	0	-0.08	0	8.0750	0
25420901	1	C	04/04/2025	14:21	-74.846	35.810	0	21.70	0	19.5593	0	36.0700	0	1025.700	0	21.541	0	214.42	0	95.1	0	-1e10	0	0.8195	0	-1e10	0	8.1323	0	-1e10	0	-1e10	0	2369	0	2048	0	320.2	0	3.429	0	8.0506	0	-1e10	0	-1e10	0	-1e10	0	-1e10	0	-0.920450	0	0.000014	0	-0.982100	0	0.000011	0	38.40	0	-0.08	0	8.0743	0
25420901	1	C	04/04/2025	14:21	-74.846	35.810	0	25.60	0	19.1347	0	35.9310	0	1025.704	0	25.412	0	216.93	0	95.4	0	-1e10	0	0.9115	0	-1e10	0	8.1211	0	-1e10	0	-1e10	0	2362	0	2054	0	330.1	0	3.299	0	8.0331	0	-1e10	0	-1e10	0	-1e10	0	-1e10	0	-0.921290	0	0.000010	0	-0.982400	0	0.000008	0	36.50	0	-0.08	0	8.0742	0
25420901	1	C	04/04/2025	14:21	-74.846	35.810	0	29.80	0	18.5020	0	35.6800	0	1025.674	0	29.581	0	219.45	0	95.2	0	-1e10	0	0.9900	0	-1e10	0	8.0994	0	-1e10	0	-1e10	0	2350	0	2062	0	349.8	0	3.082	0	8.0023	0	-1e10	0	-1e10	0	-1e10	0	-1e10	0	-0.922790	0	0.000013	0	-0.982700	0	0.000008	0	35.00	0	-0.08	0	8.0704	0
25420901	1	C	04/04/2025	14:21	-74.846	35.810	0	34.00	0	14.5933	0	34.7160	0	1025.847	0	33.749	0	234.65	0	93.8	0	-1e10	0	1.1530	0	-1e10	0	8.1148	0	-1e10	0	-1e10	0	2306	0	2053	0	332.1	0	2.694	0	7.9586	0	-1e10	0	-1e10	0	-1e10	0	-1e10	0	-0.923990	0	0.000013	0	-0.982300	0	0.000012	0	37.00	0	-0.07	0	8.0406	0
25420901	1	C	04/04/2025	14:21	-74.846	35.810	0	38.90	0	12.6924	0	34.3573	0	1025.961	0	38.613	0	230.43	0	88.4	0	-1e10	0	0.8810	0	-1e10	0	8.0786	0	-1e10	0	-1e10	0	2288	0	2072	0	364.0	0	2.324	0	7.8946	0	-1e10	0	-1e10	0	-1e10	0	-1e10	0	-0.927140	0	0.000024	0	-0.983900	0	0.000012	0	36.10	0	-0.08	0	7.9933	0
25420901	1	C	04/04/2025	14:21	-74.846	35.810	0	42.10	0	10.3900	0	33.9688	0	1026.084	0	41.789	0	232.32	0	84.7	0	-1e10	0	0.5087	0	-1e10	0	8.0766	0	-1e10	0	-1e10	0	2269	0	2073	0	362.6	0	2.105	0	7.8582	0	-1e10	0	-1e10	0	-1e10	0	-1e10	0	-0.928610	0	0.000013	0	-0.984900	0	0.000007	0	34.60	0	-0.04	0	7.9437	0
25420901	1	C	04/04/2025	14:21	-74.846	35.810	0	45.40	0	9.9145	0	33.9060	0	1026.116	0	45.064	0	229.24	0	82.7	0	-1e10	0	1.1022	0	-1e10	0	8.0737	0	-1e10	0	-1e10	0	2266	0	2075	0	364.7	0	2.052	0	7.8483	0	-1e10	0	-1e10	0	-1e10	0	-1e10	0	-0.929060	0	0.000014	0	-0.985700	0	0.000011	0	36.80	0	-0.07	0	7.9269	0
25420901	1	C	04/04/2025	14:21	-74.846	35.810	0	48.50	0	10.8850	0	34.1435	0	1026.133	0	48.141	0	223.43	0	82.4	0	-1e10	0	0.3730	0	-1e10	0	8.0595	0	-1e10	0	-1e10	0	2277	0	2084	0	380.3	0	2.083	0	7.8494	0	-1e10	0	-1e10	0	-1e10	0	-1e10	0	-0.929330	0	0.000012	0	-0.985900	0	0.000008	0	36.20	0	-0.09	0	7.9442	0
25420901	1	C	04/04/2025	14:21	-74.846	35.810	0	52.60	0	10.2445	0	34.0725	0	1026.190	0	52.210	0	223.10	0	81.1	0	-1e10	0	0.2491	0	-1e10	0	8.0554	0	-1e10	0	-1e10	0	2273	0	2087	0	383.5	0	2.013	0	7.8359	0	-1e10	0	-1e10	0	-1e10	0	-1e10	0	-0.929960	0	0.000011	0	-0.986300	0	0.000007	0	36.20	0	-0.07	0	7.9312	0
25420901	1	C	04/04/2025	14:21	-74.846	35.810	0	57.70	0	10.0000	0	34.0443	0	1026.210	0	57.271	0	221.78	0	80.2	0	-1e10	0	0.2109	0	-1e10	0	8.0493	0	-1e10	0	-1e10	0	2272	0	2090	0	389.1	0	1.969	0	7.8265	0	-1e10	0	-1e10	0	-1e10	0	-1e10	0	-0.930440	0	0.000012	0	-0.986900	0	0.000007	0	36.80	0	-0.07	0	7.9240	0
25420901	1	C	04/04/2025	14:21	-74.846	35.810	0	62.90	0	10.0589	0	34.0541	0	1026.207	0	62.432	0	219.87	0	79.6	0	-1e10	0	0.5090	0	-1e10	0	8.0484	0	-1e10	0	-1e10	0	2272	0	2090	0	389.9	0	1.969	0	7.8267	0	-1e10	0	-1e10	0	-1e10	0	-1e10	0	-0.930440	0	0.000011	0	-0.987200	0	0.000004	0	36.40	0	-0.07	0	7.9220	0
25420901	1	C	04/04/2025	14:21	-74.846	35.810	0	65.70	0	10.2805	0	34.1160	0	1026.218	0	65.211	0	216.87	0	78.9	0	-1e10	0	0.2387	0	-1e10	0	8.0511	0	-1e10	0	-1e10	0	2275	0	2089	0	387.5	0	1.998	0	7.8327	0	-1e10	0	-1e10	0	-1e10	0	-1e10	0	-0.930170	0	0.000009	0	-0.987200	0	0.000018	0	36.40	0	-0.05	0	7.9234	0
25420901	1	C	04/04/2025	14:21	-74.846	35.810	0	70.00	0	10.5505	0	34.2071	0	1026.242	0	69.478	0	214.26	0	78.5	0	-1e10	0	0.2565	0	-1e10	0	8.0492	0	-1e10	0	-1e10	0	2279	0	2092	0	389.8	0	2.016	0	7.8351	0	-1e10	0	-1e10	0	-1e10	0	-1e10	0	-0.930140	0	0.000010	0	-0.987400	0	0.000016	0	36.40	0	-0.10	0	7.9287	0
25420901	1	C	04/04/2025	14:21	-74.846	35.810	0	74.30	0	11.0433	0	34.3382	0	1026.257	0	73.745	0	209.79	0	77.7	0	-1e10	0	0.2074	0	-1e10	0	8.0488	0	-1e10	0	-1e10	0	2285	0	2094	0	391.2	0	2.059	0	7.8423	0	-1e10	0	-1e10	0	-1e10	0	-1e10	0	-0.929900	0	0.000018	0	-0.987500	0	0.000004	0	35.60	0	-0.07	0	7.9356	0
25420901	1	C	04/04/2025	14:21	-74.846	35.810	0	78.30	0	11.3230	0	34.4277	0	1026.276	0	77.715	0	204.90	0	76.4	0	-1e10	0	0.2309	0	-1e10	0	8.0410	0	-1e10	0	-1e10	0	2290	0	2099	0	399.9	0	2.054	0	7.8390	0	-1e10	0	-1e10	0	-1e10	0	-1e10	0	-0.930200	0	0.000017	0	-0.988100	0	0.000008	0	35.50	0	-0.08	0	7.9361	0
25420901	1	C	04/04/2025	14:21	-74.846	35.810	0	82.60	0	11.8973	0	34.5992	0	1026.303	0	81.982	0	198.56	0	75.1	0	-1e10	0	0.2187	0	-1e10	0	8.0285	0	-1e10	0	-1e10	0	2298	0	2108	0	414.6	0	2.058	0	7.8356	0	-1e10	0	-1e10	0	-1e10	0	-1e10	0	-0.930620	0	0.000018	0	-0.988500	0	0.000012	0	35.90	0	-0.10	0	7.9427	0
25420901	1	C	04/04/2025	14:21	-74.846	35.810	0	86.60	0	11.4775	0	34.5407	0	1026.336	0	85.951	0	198.51	0	74.4	0	-1e10	0	0.2130	0	-1e10	0	8.0212	0	-1e10	0	-1e10	0	2295	0	2111	0	421.8	0	1.993	0	7.8224	0	-1e10	0	-1e10	0	-1e10	0	-1e10	0	-0.931280	0	0.000012	0	-0.988900	0	0.000010	0	35.60	0	-0.07	0	7.9348	0
25420901	1	C	04/04/2025	14:21	-74.846	35.810	0	90.30	0	11.1517	0	34.4731	0	1026.343	0	89.622	0	198.12	0	73.7	0	-1e10	0	0.6331	0	-1e10	0	8.0184	0	-1e10	0	-1e10	0	2292	0	2111	0	424.1	0	1.953	0	7.8150	0	-1e10	0	-1e10	0	-1e10	0	-1e10	0	-0.931610	0	0.000010	0	-0.989100	0	0.000011	0	35.20	0	-0.06	0	7.9261	0
25420901	1	C	04/04/2025	14:21	-74.846	35.810	0	94.00	0	11.2798	0	34.5080	0	1026.347	0	93.294	0	196.45	0	73.3	0	-1e10	0	0.3271	0	-1e10	0	8.0169	0	-1e10	0	-1e10	0	2293	0	2113	0	425.8	0	1.958	0	7.8156	0	-1e10	0	-1e10	0	-1e10	0	-1e10	0	-0.931620	0	0.000015	0	-0.989300	0	0.000012	0	35.50	0	-0.06	0	7.9273	0
25420901	1	C	04/04/2025	14:21	-74.846	35.810	0	98.70	0	11.0773	0	34.4936	0	1026.373	0	97.957	0	193.00	0	71.7	0	-1e10	0	0.2561	0	-1e10	0	8.0042	0	-1e10	0	-1e10	0	2293	0	2118	0	439.7	0	1.893	0	7.8006	0	-1e10	0	-1e10	0	-1e10	0	-1e10	0	-0.932460	0	0.000012	0	-0.989900	0	0.000010	0	35.90	0	-0.07	0	7.9181	0
25420901	1	C	04/04/2025	14:21	-74.846	35.810	0	104.90	0	10.7242	0	34.5037	0	1026.444	0	104.109	0	189.50	0	69.8	0	-1e10	0	0.2717	0	-1e10	0	7.9909	0	-1e10	0	-1e10	0	2293	0	2126	0	454.7	0	1.820	0	7.7827	0	-1e10	0	-1e10	0	-1e10	0	-1e10	0	-0.933460	0	0.000012	0	-0.990700	0	0.000007	0	35.80	0	-0.07	0	7.9095	0
25420901	1	C	04/04/2025	14:21	-74.846	35.810	0	112.30	0	10.6230	0	34.5648	0	1026.509	0	111.451	0	186.04	0	68.4	0	-1e10	0	0.3601	0	-1e10	0	7.9825	0	-1e10	0	-1e10	0	2296	0	2133	0	464.6	0	1.785	0	7.7735	0	-1e10	0	-1e10	0	-1e10	0	-1e10	0	-0.934040	0	0.000010	0	-0.991500	0	0.000009	0	34.70	0	-0.07	0	7.9079	0
25420901	1	C	04/04/2025	14:21	-74.846	35.810	0	117.20	0	10.5521	0	34.6178	0	1026.563	0	116.313	0	184.05	0	67.6	0	-1e10	0	0.2460	0	-1e10	0	7.9803	0	-1e10	0	-1e10	0	2298	0	2136	0	467.3	0	1.775	0	7.7705	0	-1e10	0	-1e10	0	-1e10	0	-1e10	0	-0.934250	0	0.000009	0	-0.992300	0	0.000007	0	33.60	0	-0.07	0	7.9084	0
25420901	1	C	04/04/2025	14:21	-74.846	35.810	0	118.80	0	10.5693	0	34.6614	0	1026.594	0	117.900	0	184.28	0	67.8	0	-1e10	0	0.2682	0	-1e10	0	7.9771	0	-1e10	0	-1e10	0	2300	0	2139	0	471.4	0	1.767	0	7.7677	0	-1e10	0	-1e10	0	-1e10	0	-1e10	0	-0.934450	0	0.000011	0	-0.992600	0	0.000008	0	33.90	0	-0.07	0	7.9124	0
25420901	1	C	04/04/2025	14:21	-74.846	35.810	0	112.10	0	10.6348	0	34.5731	0	1026.514	0	111.253	0	190.92	0	70.3	0	-1e10	0	0.2635	0	-1e10	0	7.9884	0	-1e10	0	-1e10	0	2296	0	2131	0	457.7	0	1.808	0	7.7792	0	-1e10	0	-1e10	0	-1e10	0	-1e10	0	-0.933710	0	0.000010	0	-0.992600	0	0.000009	0	33.30	0	-0.07	0	7.9176	0
25420901	1	C	04/04/2025	14:21	-74.846	35.810	0	103.80	0	10.7550	0	34.5040	0	1026.439	0	103.017	0	199.49	0	73.6	0	-1e10	0	0.4315	0	-1e10	0	8.0053	0	-1e10	0	-1e10	0	2293	0	2120	0	438.0	0	1.875	0	7.7970	0	-1e10	0	-1e10	0	-1e10	0	-1e10	0	-0.932630	0	0.000009	0	-0.991900	0	0.000004	0	32.30	0	-0.07	0	7.9286	0
25420901	1	C	04/04/2025	14:21	-74.846	35.810	0	98.50	0	10.9637	0	34.4895	0	1026.390	0	97.759	0	202.91	0	75.2	0	-1e10	0	0.2560	0	-1e10	0	8.0171	0	-1e10	0	-1e10	0	2292	0	2114	0	425.0	0	1.934	0	7.8113	0	-1e10	0	-1e10	0	-1e10	0	-1e10	0	-0.931810	0	0.000013	0	-0.991400	0	0.000006	0	31.80	0	-0.07	0	7.9355	0
25420901	1	C	04/04/2025	14:21	-74.846	35.810	0	95.10	0	11.1843	0	34.5047	0	1026.362	0	94.385	0	203.39	0	75.7	0	-1e10	0	0.5830	0	-1e10	0	8.0188	0	-1e10	0	-1e10	0	2293	0	2112	0	423.7	0	1.958	0	7.8160	0	-1e10	0	-1e10	0	-1e10	0	-1e10	0	-0.931580	0	0.000009	0	-0.991100	0	0.000009	0	32.30	0	-0.07	0	7.9394	0
25420901	1	C	04/04/2025	14:21	-74.846	35.810	0	90.10	0	11.0530	0	34.4620	0	1026.352	0	89.424	0	206.68	0	76.7	0	-1e10	0	0.3775	0	-1e10	0	8.0283	0	-1e10	0	-1e10	0	2291	0	2107	0	412.9	0	1.984	0	7.8232	0	-1e10	0	-1e10	0	-1e10	0	-1e10	0	-0.931110	0	0.000011	0	-0.990700	0	0.000012	0	31.80	0	-0.07	0	7.9408	0
25420901	1	C	04/04/2025	14:21	-74.846	35.810	0	85.50	0	11.6230	0	34.5503	0	1026.316	0	84.859	0	206.29	0	77.5	0	-1e10	0	0.4150	0	-1e10	0	8.0308	0	-1e10	0	-1e10	0	2296	0	2106	0	411.5	0	2.043	0	7.8339	0	-1e10	0	-1e10	0	-1e10	0	-1e10	0	-0.930640	0	0.000006	0	-0.990400	0	0.000004	0	31.50	0	-0.07	0	7.9515	0
25420901	1	C	04/04/2025	14:21	-74.846	35.810	0	82.10	0	11.8156	0	34.5901	0	1026.311	0	81.485	0	207.99	0	78.5	0	-1e10	0	0.2570	0	-1e10	0	8.0300	0	-1e10	0	-1e10	0	2298	0	2107	0	413.0	0	2.057	0	7.8358	0	-1e10	0	-1e10	0	-1e10	0	-1e10	0	-0.930590	0	0.000011	0	-0.990200	0	0.000006	0	30.50	0	-0.06	0	7.9588	0
25420901	1	C	04/04/2025	14:21	-74.846	35.810	0	78.70	0	11.5870	0	34.5220	0	1026.301	0	78.111	0	211.53	0	79.4	0	-1e10	0	0.2318	0	-1e10	0	8.0296	0	-1e10	0	-1e10	0	2295	0	2106	0	413.0	0	2.035	0	7.8319	0	-1e10	0	-1e10	0	-1e10	0	-1e10	0	-0.930730	0	0.000007	0	-0.990100	0	0.000007	0	33.00	0	-0.07	0	7.9585	0
25420901	1	C	04/04/2025	14:21	-74.846	35.810	0	74.30	0	11.2243	0	34.4142	0	1026.284	0	73.745	0	216.62	0	80.6	0	-1e10	0	0.2365	0	-1e10	0	8.0364	0	-1e10	0	-1e10	0	2289	0	2101	0	404.9	0	2.028	0	7.8330	0	-1e10	0	-1e10	0	-1e10	0	-1e10	0	-0.930530	0	0.000011	0	-0.989500	0	0.000007	0	33.00	0	-0.07	0	7.9569	0
25420901	1	C	04/04/2025	14:21	-74.846	35.810	0	69.90	0	11.0030	0	34.3265	0	1026.255	0	69.379	0	220.42	0	81.6	0	-1e10	0	0.5365	0	-1e10	0	8.0347	0	-1e10	0	-1e10	0	2285	0	2100	0	406.3	0	2.000	0	7.8278	0	-1e10	0	-1e10	0	-1e10	0	-1e10	0	-0.930730	0	0.000011	0	-0.989300	0	0.000011	0	33.00	0	-0.07	0	7.9555	0
25420901	1	C	04/04/2025	14:21	-74.846	35.810	0	65.80	0	10.4617	0	34.1847	0	1026.240	0	65.310	0	225.22	0	82.3	0	-1e10	0	1.0540	0	-1e10	0	8.0398	0	-1e10	0	-1e10	0	2278	0	2096	0	399.8	0	1.972	0	7.8246	0	-1e10	0	-1e10	0	-1e10	0	-1e10	0	-0.930730	0	0.000007	0	-0.988900	0	0.000012	0	33.00	0	-0.08	0	7.9486	0
25420901	1	C	04/04/2025	14:21	-74.846	35.810	0	62.00	0	10.3257	0	34.1443	0	1026.232	0	61.539	0	230.80	0	84.1	0	-1e10	0	0.2530	0	-1e10	0	8.0411	0	-1e10	0	-1e10	0	2277	0	2095	0	398.2	0	1.966	0	7.8237	0	-1e10	0	-1e10	0	-1e10	0	-1e10	0	-0.930730	0	0.000006	0	-0.988300	0	0.000008	0	33.00	0	-0.06	0	7.9554	0
25420901	1	C	04/04/2025	14:21	-74.846	35.810	0	58.20	0	10.2537	0	34.1107	0	1026.218	0	57.768	0	234.32	0	85.2	0	-1e10	0	0.2935	0	-1e10	0	8.0525	0	-1e10	0	-1e10	0	2275	0	2090	0	386.5	0	2.004	0	7.8334	0	-1e10	0	-1e10	0	-1e10	0	-1e10	0	-0.930130	0	0.000008	0	-0.987700	0	0.000011	0	33.00	0	-0.07	0	7.9592	0
25420901	1	C	04/04/2025	14:21	-74.846	35.810	0	53.30	0	10.8110	0	34.1903	0	1026.183	0	52.905	0	237.60	0	87.5	0	-1e10	0	0.7010	0	-1e10	0	8.0609	0	-1e10	0	-1e10	0	2279	0	2086	0	379.0	0	2.086	0	7.8497	0	-1e10	0	-1e10	0	-1e10	0	-1e10	0	-0.929330	0	0.000011	0	-0.986700	0	0.000012	0	33.00	0	-0.07	0	7.9777	0
25420901	1	C	04/04/2025	14:21	-74.846	35.810	0	49.90	0	10.5923	0	34.1250	0	1026.171	0	49.530	0	243.81	0	89.4	0	-1e10	0	1.5525	0	-1e10	0	8.0630	0	-1e10	0	-1e10	0	2277	0	2084	0	376.7	0	2.074	0	7.8484	0	-1e10	0	-1e10	0	-1e10	0	-1e10	0	-0.929330	0	0.000015	0	-0.985900	0	0.000015	0	33.00	0	-0.07	0	7.9836	0
25420901	1	C	04/04/2025	14:21	-74.846	35.810	0	46.50	0	9.8170	0	33.9188	0	1026.142	0	46.156	0	255.56	0	92.0	0	-1e10	0	0.3233	0	-1e10	0	8.0845	0	-1e10	0	-1e10	0	2268	0	2073	0	354.5	0	2.091	0	7.8574	0	-1e10	0	-1e10	0	-1e10	0	-1e10	0	-0.928530	0	0.000014	0	-0.984700	0	0.000007	0	33.00	0	-0.06	0	7.9857	0
25420901	1	C	04/04/2025	14:21	-74.846	35.810	0	41.80	0	10.0620	0	33.9670	0	1026.139	0	41.491	0	261.85	0	94.8	0	-1e10	0	0.6420	0	-1e10	0	8.1214	0	-1e10	0	-1e10	0	2270	0	2056	0	321.8	0	2.271	0	7.8967	0	-1e10	0	-1e10	0	-1e10	0	-1e10	0	-0.926330	0	0.000014	0	-0.982900	0	0.000010	0	33.00	0	-0.07	0	8.0054	0
25420901	1	C	04/04/2025	14:21	-74.846	35.810	0	38.10	0	12.2103	0	34.3553	0	1026.053	0	37.819	0	259.47	0	98.6	0	-1e10	0	0.6752	0	-1e10	0	8.1310	0	-1e10	0	-1e10	0	2289	0	2050	0	315.9	0	2.526	0	7.9384	0	-1e10	0	-1e10	0	-1e10	0	-1e10	0	-0.924530	0	0.000015	0	-0.981300	0	0.000010	0	33.00	0	-0.06	0	8.0469	0
25420901	1	C	04/04/2025	14:21	-74.846	35.810	0	34.70	0	13.1300	0	34.5452	0	1026.019	0	34.444	0	258.18	0	100.1	0	-1e10	0	0.8598	0	-1e10	0	8.1536	0	-1e10	0	-1e10	0	2298	0	2039	0	297.9	0	2.739	0	7.9743	0	-1e10	0	-1e10	0	-1e10	0	-1e10	0	-0.922730	0	0.000014	0	-0.979500	0	0.000008	0	33.00	0	-0.07	0	8.0627	0
25420901	1	C	04/04/2025	14:21	-74.846	35.810	0	30.10	0	17.2153	0	35.3750	0	1025.757	0	29.878	0	233.83	0	98.8	0	-1e10	0	0.9845	0	-1e10	0	8.1300	0	-1e10	0	-1e10	0	2337	0	2046	0	320.6	0	3.092	0	8.0130	0	-1e10	0	-1e10	0	-1e10	0	-1e10	0	-0.921730	0	0.000012	0	-0.978500	0	0.000009	0	33.00	0	-0.08	0	8.0789	0
25420901	1	C	04/04/2025	14:21	-74.846	35.810	0	26.10	0	18.9367	0	35.8837	0	1025.719	0	25.908	0	227.32	0	99.5	0	-1e10	0	0.8789	0	-1e10	0	8.1050	0	-1e10	0	-1e10	0	2360	0	2064	0	345.4	0	3.180	0	8.0142	0	-1e10	0	-1e10	0	-1e10	0	-1e10	0	-0.922330	0	0.000009	0	-0.976900	0	0.000013	0	33.00	0	-0.08	0	8.0875	0
25420901	1	C	04/04/2025	14:21	-74.846	35.810	0	22.10	0	19.7448	0	36.1216	0	1025.690	0	21.938	0	222.24	0	98.9	0	-1e10	0	0.8711	0	-1e10	0	8.0673	0	-1e10	0	-1e10	0	2372	0	2088	0	384.7	0	3.077	0	7.9890	0	-1e10	0	-1e10	0	-1e10	0	-1e10	0	-0.924130	0	0.000020	0	-0.975700	0	0.000012	0	33.00	0	-0.07	0	8.0866	0
25420901	1	C	04/04/2025	14:21	-74.846	35.810	0	17.30	0	20.0720	0	36.2420	0	1025.695	0	17.173	0	220.41	0	98.8	0	-1e10	0	0.7348	0	-1e10	0	7.6390	0	-1e10	0	-1e10	0	2378	0	2287	0	1191.9	0	1.344	0	7.5722	0	-1e10	0	-1e10	0	-1e10	0	-1e10	0	-0.948930	0	0.000039	0	-0.994500	0	0.000017	0	42.80	0	-0.06	0	8.0865	0
25420901	1	C	04/04/2025	14:21	-74.846	35.810	0	13.50	0	20.1760	0	36.2710	0	1025.690	0	13.401	0	220.49	0	99.0	0	-1e10	0	0.7220	0	-1e10	0	7.3018	0	-1e10	0	-1e10	0	2380	0	2404	0	2728.8	0	0.654	0	7.2467	0	-1e10	0	-1e10	0	-1e10	0	-1e10	0	-0.968530	0	0.000009	0	-1.007500	0	0.000014	0	52.60	0	-0.06	0	8.0873	0
25420901	1	C	04/04/2025	14:21	-74.846	35.810	0	9.70	0	20.1760	0	36.2970	0	1025.709	0	9.629	0	220.57	0	99.1	0	-1e10	0	0.6220	0	-1e10	0	7.3024	0	-1e10	0	-1e10	0	2381	0	2405	0	2726.8	0	0.655	0	7.2472	0	-1e10	0	-1e10	0	-1e10	0	-1e10	0	-0.968530	0	0.000013	0	-0.996500	0	0.000039	0	52.60	0	-0.06	0	8.0878	0
25420901	1	C	04/04/2025	14:21	-74.846	35.810	0	6.00	0	20.1760	0	36.2740	0	1025.691	0	5.956	0	220.51	0	99.0	0	-1e10	0	1.1207	0	-1e10	0	7.2990	0	-1e10	0	-1e10	0	2380	0	2405	0	2749.5	0	0.650	0	7.2437	0	-1e10	0	-1e10	0	-1e10	0	-1e10	0	-0.968730	0	0.000009	0	-0.980700	0	0.000035	0	52.60	0	-0.05	0	8.0874	0
25420901	1	C	04/04/2025	14:21	-74.846	35.810	0																													
25420901	2	C	04/04/2025	15:06	-74.839	35.812	0	2.00	0	20.1710	0	36.2423	0	1025.668	0	1.985	0	212.87	0	95.6	0	-1e10	0	0.3786	0	-1e10	0	8.1532	0	-1e10	0	-1e10	0	2378	0	2036	0	302.6	0	3.654	0	8.0798	0	-1e10	0	-1e10	0	-1e10	0	-1e10	0	-0.919010	0	0.000010	0	-0.983900	0	0.000009	0	38.30	0	-0.07	0	8.0763	0
25420901	2	C	04/04/2025	15:06	-74.839	35.812	0	5.40	0	20.1740	0	36.2439	0	1025.669	0	5.361	0	212.40	0	95.4	0	-1e10	0	0.4241	0	-1e10	0	8.1513	0	-1e10	0	-1e10	0	2378	0	2037	0	304.1	0	3.642	0	8.0782	0	-1e10	0	-1e10	0	-1e10	0	-1e10	0	-0.919100	0	0.000012	0	-0.985600	0	0.000010	0	38.50	0	-0.06	0	8.0757	0
25420901	2	C	04/04/2025	15:06	-74.839	35.812	0	9.60	0	20.1208	0	36.2309	0	1025.673	0	9.530	0	212.33	0	95.2	0	-1e10	0	0.4665	0	-1e10	0	8.1484	0	-1e10	0	-1e10	0	2377	0	2039	0	306.5	0	3.614	0	8.0746	0	-1e10	0	-1e10	0	-1e10	0	-1e10	0	-0.919280	0	0.000010	0	-0.986400	0	0.000006	0	39.40	0	-0.09	0	8.0752	0
25420901	2	C	04/04/2025	15:06	-74.839	35.812	0	14.20	0	20.0330	0	36.2155	0	1025.685	0	14.096	0	212.64	0	95.2	0	-1e10	0	0.5692	0	-1e10	0	8.1438	0	-1e10	0	-1e10	0	2376	0	2042	0	310.4	0	3.572	0	8.0689	0	-1e10	0	-1e10	0	-1e10	0	-1e10	0	-0.919580	0	0.000011	0	-0.986900	0	0.000007	0	37.10	0	-0.08	0	8.0753	0
25420901	2	C	04/04/2025	15:06	-74.839	35.812	0	17.50	0	19.9310	0	36.1803	0	1025.686	0	17.372	0	213.43	0	95.4	0	-1e10	0	0.6169	0	-1e10	0	8.1366	0	-1e10	0	-1e10	0	2374	0	2046	0	316.7	0	3.511	0	8.0603	0	-1e10	0	-1e10	0	-1e10	0	-1e10	0	-0.920030	0	0.000013	0	-0.987200	0	0.000009	0	38.30	0	-0.07	0	8.0756	0
25420901	2	C	04/04/2025	15:06	-74.839	35.812	0	22.00	0	19.6370	0	36.0817	0	1025.688	0	21.838	0	216.64	0	96.2	0	-1e10	0	0.7059	0	-1e10	0	8.1191	0	-1e10	0	-1e10	0	2370	0	2056	0	332.5	0	3.360	0	8.0386	0	-1e10	0	-1e10	0	-1e10	0	-1e10	0	-0.921170	0	0.000010	0	-0.987400	0	0.000008	0	38.40	0	-0.08	0	8.0779	0
25420901	2	C	04/04/2025	15:06	-74.839	35.812	0	26.50	0	17.1125	0	35.3435	0	1025.757	0	26.305	0	231.26	0	97.5	0	-1e10	0	1.0710	0	-1e10	0	8.1221	0	-1e10	0	-1e10	0	2335	0	2051	0	327.8	0	3.035	0	8.0035	0	-1e10	0	-1e10	0	-1e10	0	-1e10	0	-0.922250	0	0.000015	0	-0.986600	0	0.000010	0	37.30	0	-0.08	0	8.0736	0
25420901	2	C	04/04/2025	15:06	-74.839	35.812	0	29.70	0	13.9981	0	34.4749	0	1025.787	0	29.481	0	241.96	0	95.4	0	-1e10	0	1.2866	0	-1e10	0	8.1431	0	-1e10	0	-1e10	0	2295	0	2034	0	306.5	0	2.760	0	7.9771	0	-1e10	0	-1e10	0	-1e10	0	-1e10	0	-0.922640	0	0.000015	0	-0.986400	0	0.000004	0	38.70	0	-0.07	0	8.0366	0
25420901	2	C	04/04/2025	15:06	-74.839	35.812	0	33.00	0	12.8330	0	34.2504	0	1025.850	0	32.757	0	244.59	0	94.0	0	-1e10	0	1.3538	0	-1e10	0	8.1364	0	-1e10	0	-1e10	0	2284	0	2039	0	311.0	0	2.599	0	7.9530	0	-1e10	0	-1e10	0	-1e10	0	-1e10	0	-0.923690	0	0.000009	0	-0.986900	0	0.000003	0	37.70	0	-0.06	0	8.0174	0
25420901	2	C	04/04/2025	15:06	-74.839	35.812	0	37.90	0	12.4280	0	34.2335	0	1025.916	0	37.620	0	237.60	0	90.6	0	-1e10	0	0.9330	0	-1e10	0	8.1142	0	-1e10	0	-1e10	0	2282	0	2052	0	330.1	0	2.454	0	7.9253	0	-1e10	0	-1e10	0	-1e10	0	-1e10	0	-0.925220	0	0.000019	0	-0.987600	0	0.000010	0	35.70	0	-0.08	0	7.9974	0
25420901	2	C	04/04/2025	15:06	-74.839	35.812	0	42.80	0	10.4900	0	33.9790	0	1026.075	0	42.484	0	232.23	0	84.8	0	-1e10	0	0.4387	0	-1e10	0	8.0802	0	-1e10	0	-1e10	0	2270	0	2071	0	359.3	0	2.128	0	7.8632	0	-1e10	0	-1e10	0	-1e10	0	-1e10	0	-0.928340	0	0.000010	0	-0.989500	0	0.000010	0	36.90	0	-0.07	0	7.9455	0
25420901	2	C	04/04/2025	15:06	-74.839	35.812	0	46.00	0	10.3491	0	33.9852	0	1026.104	0	45.660	0	231.09	0	84.2	0	-1e10	0	0.8778	0	-1e10	0	8.0825	0	-1e10	0	-1e10	0	2270	0	2071	0	356.9	0	2.126	0	7.8634	0	-1e10	0	-1e10	0	-1e10	0	-1e10	0	-0.928310	0	0.000017	0	-0.990000	0	0.000005	0	37.30	0	-0.03	0	7.9422	0
25420901	2	C	04/04/2025	15:06	-74.839	35.812	0	49.80	0	11.0375	0	34.2009	0	1026.151	0	49.431	0	222.92	0	82.5	0	-1e10	0	0.2455	0	-1e10	0	8.0615	0	-1e10	0	-1e10	0	2279	0	2084	0	378.6	0	2.106	0	7.8536	0	-1e10	0	-1e10	0	-1e10	0	-1e10	0	-0.929150	0	0.000014	0	-0.990400	0	0.000014	0	38.80	0	-0.05	0	7.9494	0
25420901	2	C	04/04/2025	15:06	-74.839	35.812	0	54.10	0	10.1950	0	34.0840	0	1026.207	0	53.699	0	222.92	0	81.0	0	-1e10	0	0.4950	0	-1e10	0	8.0588	0	-1e10	0	-1e10	0	2274	0	2086	0	380.0	0	2.023	0	7.8385	0	-1e10	0	-1e10	0	-1e10	0	-1e10	0	-0.929810	0	0.000010	0	-0.990900	0	0.000008	0	37.20	0	-0.07	0	7.9314	0
25420901	2	C	04/04/2025	15:06	-74.839	35.812	0	58.70	0	10.1588	0	34.0699	0	1026.203	0	58.264	0	220.90	0	80.2	0	-1e10	0	0.2139	0	-1e10	0	8.0604	0	-1e10	0	-1e10	0	2273	0	2085	0	378.1	0	2.025	0	7.8396	0	-1e10	0	-1e10	0	-1e10	0	-1e10	0	-0.929720	0	0.000010	0	-0.991100	0	0.000005	0	36.80	0	-0.09	0	7.9261	0
25420901	2	C	04/04/2025	15:06	-74.839	35.812	0	61.90	0	10.3958	0	34.1456	0	1026.221	0	61.440	0	218.08	0	79.6	0	-1e10	0	0.6154	0	-1e10	0	8.0561	0	-1e10	0	-1e10	0	2276	0	2088	0	382.8	0	2.030	0	7.8392	0	-1e10	0	-1e10	0	-1e10	0	-1e10	0	-0.929840	0	0.000014	0	-0.991500	0	0.000004	0	36.30	0	-0.09	0	7.9291	0
25420901	2	C	04/04/2025	15:06	-74.839	35.812	0	66.20	0	10.9058	0	34.2906	0	1026.245	0	65.707	0	214.48	0	79.2	0	-1e10	0	0.2901	0	-1e10	0	8.0572	0	-1e10	0	-1e10	0	2283	0	2089	0	382.6	0	2.081	0	7.8480	0	-1e10	0	-1e10	0	-1e10	0	-1e10	0	-0.929510	0	0.000010	0	-0.991500	0	0.000016	0	37.30	0	-0.10	0	7.9391	0
25420901	2	C	04/04/2025	15:06	-74.839	35.812	0	70.80	0	11.1450	0	34.3495	0	1026.248	0	70.272	0	211.86	0	78.7	0	-1e10	0	0.2135	0	-1e10	0	8.0558	0	-1e10	0	-1e10	0	2286	0	2090	0	384.3	0	2.097	0	7.8504	0	-1e10	0	-1e10	0	-1e10	0	-1e10	0	-0.929450	0	0.000009	0	-0.991600	0	0.000014	0	36.70	0	-0.07	0	7.9414	0
25420901	2	C	04/04/2025	15:06	-74.839	35.812	0	74.00	0	11.1075	0	34.3438	0	1026.250	0	73.447	0	210.32	0	78.1	0	-1e10	0	0.2232	0	-1e10	0	8.0577	0	-1e10	0	-1e10	0	2286	0	2090	0	382.2	0	2.100	0	7.8518	0	-1e10	0	-1e10	0	-1e10	0	-1e10	0	-0.929360	0	0.000009	0	-0.991600	0	0.000005	0	37.10	0	-0.06	0	7.9378	0
25420901	2	C	04/04/2025	15:06	-74.839	35.812	0	78.20	0	11.6667	0	34.5213	0	1026.286	0	77.615	0	204.09	0	76.7	0	-1e10	0	0.3378	0	-1e10	0	8.0528	0	-1e10	0	-1e10	0	2295	0	2095	0	388.4	0	2.135	0	7.8556	0	-1e10	0	-1e10	0	-1e10	0	-1e10	0	-0.929360	0	0.000010	0	-0.991900	0	0.000011	0	37.00	0	-0.08	0	7.9450	0
25420901	2	C	04/04/2025	15:06	-74.839	35.812	0	83.10	0	11.8067	0	34.6074	0	1026.326	0	82.478	0	199.16	0	75.1	0	-1e10	0	0.2223	0	-1e10	0	8.0392	0	-1e10	0	-1e10	0	2299	0	2104	0	403.1	0	2.095	0	7.8446	0	-1e10	0	-1e10	0	-1e10	0	-1e10	0	-0.930090	0	0.000012	0	-0.992500	0	0.000011	0	36.40	0	-0.08	0	7.9436	0
25420901	2	C	04/04/2025	15:06	-74.839	35.812	0	85.90	0	11.7595	0	34.5893	0	1026.321	0	85.256	0	198.44	0	74.8	0	-1e10	0	0.2079	0	-1e10	0	8.0357	0	-1e10	0	-1e10	0	2298	0	2105	0	406.6	0	2.075	0	7.8406	0	-1e10	0	-1e10	0	-1e10	0	-1e10	0	-0.930300	0	0.000012	0	-0.992700	0	0.000010	0	35.90	0	-0.10	0	7.9408	0
25420901	2	C	04/04/2025	15:06	-74.839	35.812	0	89.40	0	11.6460	0	34.5783	0	1026.334	0	88.729	0	197.39	0	74.2	0	-1e10	0	0.3673	0	-1e10	0	8.0319	0	-1e10	0	-1e10	0	2297	0	2107	0	410.4	0	2.049	0	7.8353	0	-1e10	0	-1e10	0	-1e10	0	-1e10	0	-0.930580	0	0.000010	0	-0.992900	0	0.000008	0	37.00	0	-0.06	0	7.9373	0
25420901	2	C	04/04/2025	15:06	-74.839	35.812	0	94.30	0	11.3900	0	34.5295	0	1026.344	0	93.591	0	195.86	0	73.2	0	-1e10	0	0.2819	0	-1e10	0	8.0224	0	-1e10	0	-1e10	0	2295	0	2110	0	420.0	0	1.988	0	7.8225	0	-1e10	0	-1e10	0	-1e10	0	-1e10	0	-0.931250	0	0.000012	0	-0.993300	0	0.000012	0	36.10	0	-0.08	0	7.9289	0
25420901	2	C	04/04/2025	15:06	-74.839	35.812	0	98.80	0	11.0338	0	34.4781	0	1026.368	0	98.056	0	192.34	0	71.3	0	-1e10	0	0.4610	0	-1e10	0	8.0070	0	-1e10	0	-1e10	0	2292	0	2117	0	436.3	0	1.900	0	7.8026	0	-1e10	0	-1e10	0	-1e10	0	-1e10	0	-0.932320	0	0.000011	0	-0.994000	0	0.000016	0	36.50	0	-0.07	0	7.9151	0
25420901	2	C	04/04/2025	15:06	-74.839	35.812	0	104.60	0	10.5645	0	34.4993	0	1026.468	0	103.811	0	189.00	0	69.4	0	-1e10	0	0.2380	0	-1e10	0	7.9950	0	-1e10	0	-1e10	0	2292	0	2125	0	449.6	0	1.824	0	7.7843	0	-1e10	0	-1e10	0	-1e10	0	-1e10	0	-0.933340	0	0.000010	0	-0.994900	0	0.000008	0	36.10	0	-0.07	0	7.9067	0
25420901	2	C	04/04/2025	15:06	-74.839	35.812	0	112.30	0	10.6038	0	34.6327	0	1026.566	0	111.451	0	184.40	0	67.8	0	-1e10	0	0.2652	0	-1e10	0	7.9887	0	-1e10	0	-1e10	0	2299	0	2133	0	457.6	0	1.811	0	7.7791	0	-1e10	0	-1e10	0	-1e10	0	-1e10	0	-0.933760	0	0.000009	0	-0.995700	0	0.000007	0	35.50	0	-0.07	0	7.9103	0
25420901	2	C	04/04/2025	15:06	-74.839	35.812	0	116.70	0	10.5970	0	34.6496	0	1026.580	0	115.817	0	181.67	0	66.8	0	-1e10	0	0.2570	0	-1e10	0	7.9877	0	-1e10	0	-1e10	0	2300	0	2134	0	458.7	0	1.807	0	7.7782	0	-1e10	0	-1e10	0	-1e10	0	-1e10	0	-0.933830	0	0.000018	0	-0.996600	0	0.000011	0	34.20	0	-0.06	0	7.9070	0
25420901	2	C	04/04/2025	15:06	-74.839	35.812	0	118.40	0	10.5539	0	34.6775	0	1026.610	0	117.503	0	183.41	0	67.4	0	-1e10	0	0.2235	0	-1e10	0	7.9834	0	-1e10	0	-1e10	0	2301	0	2137	0	463.9	0	1.790	0	7.7735	0	-1e10	0	-1e10	0	-1e10	0	-1e10	0	-0.934120	0	0.000010	0	-0.996800	0	0.000009	0	35.40	0	-0.07	0	7.9120	0
25420901	2	C	04/04/2025	15:06	-74.839	35.812	0	112.20	0	10.6030	0	34.6261	0	1026.561	0	111.352	0	190.06	0	69.9	0	-1e10	0	0.2339	0	-1e10	0	7.9929	0	-1e10	0	-1e10	0	2299	0	2131	0	452.6	0	1.825	0	7.7831	0	-1e10	0	-1e10	0	-1e10	0	-1e10	0	-0.933520	0	0.000011	0	-0.997000	0	0.000008	0	34.70	0	-0.07	0	7.9198	0
25420901	2	C	04/04/2025	15:06	-74.839	35.812	0	103.00	0	10.5900	0	34.5050	0	1026.468	0	102.224	0	200.17	0	73.6	0	-1e10	0	0.3070	0	-1e10	0	8.0147	0	-1e10	0	-1e10	0	2293	0	2117	0	427.2	0	1.899	0	7.8036	0	-1e10	0	-1e10	0	-1e10	0	-1e10	0	-0.932220	0	0.000014	0	-0.996500	0	0.000010	0	33.90	0	-0.07	0	7.9282	0
25420901	2	C	04/04/2025	15:06	-74.839	35.812	0	97.40	0	11.0750	0	34.4933	0	1026.373	0	96.667	0	203.83	0	75.7	0	-1e10	0	0.4803	0	-1e10	0	8.0355	0	-1e10	0	-1e10	0	2293	0	2105	0	405.1	0	2.014	0	7.8306	0	-1e10	0	-1e10	0	-1e10	0	-1e10	0	-0.930700	0	0.000009	0	-0.995700	0	0.000011	0	33.60	0	-0.07	0	7.9385	0
25420901	2	C	04/04/2025	15:06	-74.839	35.812	0	94.40	0	11.3145	0	34.5148	0	1026.346	0	93.690	0	204.71	0	76.4	0	-1e10	0	0.2956	0	-1e10	0	8.0410	0	-1e10	0	-1e10	0	2294	0	2102	0	399.7	0	2.056	0	7.8394	0	-1e10	0	-1e10	0	-1e10	0	-1e10	0	-0.930240	0	0.000016	0	-0.995500	0	0.000012	0	33.50	0	-0.07	0	7.9438	0
25420901	2	C	04/04/2025	15:06	-74.839	35.812	0	91.40	0	11.5820	0	34.5727	0	1026.342	0	90.714	0	204.84	0	76.9	0	-1e10	0	0.2135	0	-1e10	0	8.0410	0	-1e10	0	-1e10	0	2297	0	2103	0	400.4	0	2.081	0	7.8433	0	-1e10	0	-1e10	0	-1e10	0	-1e10	0	-0.930100	0	0.000013	0	-0.995500	0	0.000006	0	33.10	0	-0.06	0	7.9504	0
25420901	2	C	04/04/2025	15:06	-74.839	35.812	0	85.60	0	11.7170	0	34.5833	0	1026.325	0	84.958	0	208.77	0	78.6	0	-1e10	0	0.2785	0	-1e10	0	8.0485	0	-1e10	0	-1e10	0	2298	0	2099	0	392.9	0	2.124	0	7.8524	0	-1e10	0	-1e10	0	-1e10	0	-1e10	0	-0.929600	0	0.000009	0	-0.995200	0	0.000009	0	33.30	0	-0.06	0	7.9592	0
25420901	2	C	04/04/2025	15:06	-74.839	35.812	0	81.50	0	11.8213	0	34.5603	0	1026.287	0	80.890	0	212.09	0	80.0	0	-1e10	0	0.2710	0	-1e10	0	8.0506	0	-1e10	0	-1e10	0	2297	0	2097	0	390.9	0	2.140	0	7.8558	0	-1e10	0	-1e10	0	-1e10	0	-1e10	0	-0.929400	0	0.000009	0	-0.994900	0	0.000007	0	32.70	0	-0.06	0	7.9646	0
25420901	2	C	04/04/2025	15:06	-74.839	35.812	0	78.70	0	11.2405	0	34.4026	0	1026.272	0	78.111	0	216.78	0	80.7	0	-1e10	0	0.2241	0	-1e10	0	8.0530	0	-1e10	0	-1e10	0	2289	0	2093	0	387.2	0	2.095	0	7.8494	0	-1e10	0	-1e10	0	-1e10	0	-1e10	0	-0.929560	0	0.000011	0	-0.994900	0	0.000009	0	32.90	0	-0.08	0	7.9570	0
25420901	2	C	04/04/2025	15:06	-74.839	35.812	0	74.50	0	10.9480	0	34.3153	0	1026.257	0	73.944	0	219.61	0	81.2	0	-1e10	0	0.2048	0	-1e10	0	8.0536	0	-1e10	0	-1e10	0	2284	0	2091	0	386.1	0	2.070	0	7.8455	0	-1e10	0	-1e10	0	-1e10	0	-1e10	0	-0.929680	0	0.000013	0	-0.995000	0	0.000008	0	32.80	0	-0.07	0	7.9529	0
25420901	2	C	04/04/2025	15:06	-74.839	35.812	0	70.50	0	10.9488	0	34.3078	0	1026.250	0	69.974	0	221.91	0	82.1	0	-1e10	0	0.2719	0	-1e10	0	8.0542	0	-1e10	0	-1e10	0	2284	0	2091	0	385.6	0	2.073	0	7.8459	0	-1e10	0	-1e10	0	-1e10	0	-1e10	0	-0.929650	0	0.000010	0	-0.995000	0	0.000017	0	33.10	0	-0.06	0	7.9566	0
25420901	2	C	04/04/2025	15:06	-74.839	35.812	0	66.50	0	10.7155	0	34.2305	0	1026.232	0	66.005	0	226.82	0	83.4	0	-1e10	0	0.4494	0	-1e10	0	8.0590	0	-1e10	0	-1e10	0	2281	0	2088	0	380.4	0	2.070	0	7.8469	0	-1e10	0	-1e10	0	-1e10	0	-1e10	0	-0.929500	0	0.000010	0	-0.994800	0	0.000008	0	32.60	0	-0.06	0	7.9582	0
25420901	2	C	04/04/2025	15:06	-74.839	35.812	0	61.50	0	10.2013	0	34.0905	0	1026.212	0	61.043	0	234.05	0	85.0	0	-1e10	0	0.3139	0	-1e10	0	8.0660	0	-1e10	0	-1e10	0	2274	0	2083	0	372.6	0	2.052	0	7.8458	0	-1e10	0	-1e10	0	-1e10	0	-1e10	0	-0.929380	0	0.000009	0	-0.994500	0	0.000009	0	32.60	0	-0.07	0	7.9570	0
25420901	2	C	04/04/2025	15:06	-74.839	35.812	0	57.60	0	10.1080	0	34.0655	0	1026.208	0	57.172	0	237.68	0	86.2	0	-1e10	0	0.3448	0	-1e10	0	8.0745	0	-1e10	0	-1e10	0	2273	0	2079	0	364.3	0	2.079	0	7.8525	0	-1e10	0	-1e10	0	-1e10	0	-1e10	0	-0.928960	0	0.000015	0	-0.994300	0	0.000015	0	32.20	0	-0.06	0	7.9614	0
25420901	2	C	04/04/2025	15:06	-74.839	35.812	0	54.10	0	10.2355	0	34.0951	0	1026.209	0	53.699	0	241.27	0	87.7	0	-1e10	0	0.3438	0	-1e10	0	8.0863	0	-1e10	0	-1e10	0	2275	0	2075	0	353.5	0	2.140	0	7.8657	0	-1e10	0	-1e10	0	-1e10	0	-1e10	0	-0.928240	0	0.000011	0	-0.993800	0	0.000009	0	32.30	0	-0.07	0	7.9723	0
25420901	2	C	04/04/2025	15:06	-74.839	35.812	0	49.30	0	10.7647	0	34.1791	0	1026.182	0	48.935	0	246.36	0	90.7	0	-1e10	0	0.2291	0	-1e10	0	8.0958	0	-1e10	0	-1e10	0	2279	0	2070	0	345.5	0	2.229	0	7.8827	0	-1e10	0	-1e10	0	-1e10	0	-1e10	0	-0.927400	0	0.000009	0	-0.993400	0	0.000010	0	32.40	0	-0.07	0	7.9943	0
25420901	2	C	04/04/2025	15:06	-74.839	35.812	0	45.60	0	10.3833	0	34.0692	0	1026.163	0	45.263	0	266.16	0	97.1	0	-1e10	0	0.4710	0	-1e10	0	8.1250	0	-1e10	0	-1e10	0	2275	0	2056	0	319.1	0	2.320	0	7.9051	0	-1e10	0	-1e10	0	-1e10	0	-1e10	0	-0.925960	0	0.000017	0	-0.992600	0	0.000010	0	32.30	0	-0.06	0	8.0246	0
25420901	2	C	04/04/2025	15:06	-74.839	35.812	0	42.20	0	12.3003	0	34.3377	0	1026.022	0	41.888	0	265.28	0	100.9	0	-1e10	0	0.7644	0	-1e10	0	8.1676	0	-1e10	0	-1e10	0	2288	0	2030	0	285.7	0	2.711	0	7.9756	0	-1e10	0	-1e10	0	-1e10	0	-1e10	0	-0.922360	0	0.000017	0	-0.990700	0	0.000006	0	32.00	0	-0.08	0	8.0587	0
25420901	2	C	04/04/2025	15:06	-74.839	35.812	0	37.60	0	13.7780	0	34.5604	0	1025.899	0	37.323	0	259.85	0	102.1	0	-1e10	0	1.2490	0	-1e10	0	8.1874	0	-1e10	0	-1e10	0	2299	0	2016	0	271.2	0	2.979	0	8.0175	0	-1e10	0	-1e10	0	-1e10	0	-1e10	0	-0.920320	0	0.000011	0	-0.989500	0	0.000010	0	32.10	0	-0.08	0	8.0733	0
25420901	2	C	04/04/2025	15:06	-74.839	35.812	0	34.10	0	14.6600	0	34.7415	0	1025.852	0	33.849	0	255.12	0	102.1	0	-1e10	0	1.3309	0	-1e10	0	8.1980	0	-1e10	0	-1e10	0	2308	0	2008	0	263.7	0	3.146	0	8.0413	0	-1e10	0	-1e10	0	-1e10	0	-1e10	0	-0.919210	0	0.000013	0	-0.989000	0	0.000011	0	30.80	0	-0.07	0	8.0796	0
25420901	2	C	04/04/2025	15:06	-74.839	35.812	0	30.70	0	17.8187	0	35.5740	0	1025.763	0	30.474	0	237.70	0	101.7	0	-1e10	0	0.9859	0	-1e10	0	8.1775	0	-1e10	0	-1e10	0	2346	0	2019	0	280.7	0	3.452	0	8.0691	0	-1e10	0	-1e10	0	-1e10	0	-1e10	0	-0.918700	0	0.000013	0	-0.989000	0	0.000009	0	32.00	0	-0.08	0	8.0918	0
25420901	2	C	04/04/2025	15:06	-74.839	35.812	0	26.40	0	19.0480	0	35.9101	0	1025.710	0	26.206	0	227.83	0	100.0	0	-1e10	0	0.7947	0	-1e10	0	8.1706	0	-1e10	0	-1e10	0	2361	0	2023	0	286.7	0	3.588	0	8.0809	0	-1e10	0	-1e10	0	-1e10	0	-1e10	0	-0.918460	0	0.000013	0	-0.988100	0	0.000010	0	32.30	0	-0.07	0	8.0890	0
25420901	2	C	04/04/2025	15:06	-74.839	35.812	0	21.90	0	19.6040	0	36.1137	0	1025.721	0	21.739	0	223.67	0	99.3	0	-1e10	0	0.7668	0	-1e10	0	8.1687	0	-1e10	0	-1e10	0	2372	0	2027	0	288.8	0	3.665	0	8.0873	0	-1e10	0	-1e10	0	-1e10	0	-1e10	0	-0.918340	0	0.000012	0	-0.987000	0	0.000007	0	32.40	0	-0.09	0	8.0881	0
25420901	2	C	04/04/2025	15:06	-74.839	35.812	0	17.40	0	19.9500	0	36.2191	0	1025.710	0	17.272	0	221.28	0	98.9	0	-1e10	0	0.7107	0	-1e10	0	8.1670	0	-1e10	0	-1e10	0	2377	0	2029	0	290.4	0	3.709	0	8.0908	0	-1e10	0	-1e10	0	-1e10	0	-1e10	0	-0.918280	0	0.000012	0	-0.985800	0	0.000008	0	32.20	0	-0.08	0	8.0872	0
25420901	2	C	04/04/2025	15:06	-74.839	35.812	0	13.40	0	20.0780	0	36.2442	0	1025.695	0	13.302	0	220.78	0	98.9	0	-1e10	0	0.5806	0	-1e10	0	8.1671	0	-1e10	0	-1e10	0	2378	0	2028	0	290.5	0	3.728	0	8.0926	0	-1e10	0	-1e10	0	-1e10	0	-1e10	0	-0.918220	0	0.000011	0	-0.984400	0	0.000010	0	32.00	0	-0.08	0	8.0871	0
25420901	2	C	04/04/2025	15:06	-74.839	35.812	0	9.70	0	20.1660	0	36.2578	0	1025.682	0	9.629	0	219.87	0	98.7	0	-1e10	0	0.5054	0	-1e10	0	8.1669	0	-1e10	0	-1e10	0	2379	0	2028	0	290.8	0	3.741	0	8.0937	0	-1e10	0	-1e10	0	-1e10	0	-1e10	0	-0.918190	0	0.000008	0	-0.982500	0	0.000011	0	32.00	0	-0.09	0	8.0862	0
25420901	2	C	04/04/2025	15:06	-74.839	35.812	0	6.20	0	20.1968	0	36.2781	0	1025.689	0	6.155	0	219.18	0	98.5	0	-1e10	0	0.6465	0	-1e10	0	8.1681	0	-1e10	0	-1e10	0	2380	0	2028	0	289.9	0	3.756	0	8.0952	0	-1e10	0	-1e10	0	-1e10	0	-1e10	0	-0.918130	0	0.000010	0	-0.979500	0	0.000008	0	30.90	0	-0.09	0	8.0857	0
25420901	2	C	04/04/2025	15:06	-74.839	35.812	0																													
25420901	3	C	04/04/2025	16:10	-74.825	35.811	0	1.90	0	20.1010	0	36.1875	0	1025.645	0	1.886	0	215.70	0	96.7	0	-1e10	0	0.3818	0	-1e10	0	8.1561	0	-1e10	0	-1e10	0	2375	0	2033	0	300.0	0	3.658	0	8.0816	0	-1e10	0	-1e10	0	-1e10	0	-1e10	0	-0.918850	0	0.000012	0	-0.985300	0	0.000010	0	40.20	0	-0.09	0	8.0794	0
25420901	3	C	04/04/2025	16:10	-74.825	35.811	0	5.60	0	20.0895	0	36.1956	0	1025.655	0	5.559	0	214.18	0	96.0	0	-1e10	0	0.4176	0	-1e10	0	8.1536	0	-1e10	0	-1e10	0	2375	0	2035	0	302.0	0	3.641	0	8.0792	0	-1e10	0	-1e10	0	-1e10	0	-1e10	0	-0.918990	0	0.000009	0	-0.985800	0	0.000007	0	40.30	0	-0.09	0	8.0773	0
25420901	3	C	04/04/2025	16:10	-74.825	35.811	0	9.60	0	20.0580	0	36.1906	0	1025.659	0	9.530	0	213.69	0	95.7	0	-1e10	0	0.5052	0	-1e10	0	8.1519	0	-1e10	0	-1e10	0	2375	0	2036	0	303.3	0	3.624	0	8.0771	0	-1e10	0	-1e10	0	-1e10	0	-1e10	0	-0.919090	0	0.000011	0	-0.986000	0	0.000012	0	39.60	0	-0.08	0	8.0765	0
25420901	3	C	04/04/2025	16:10	-74.825	35.811	0	13.60	0	20.0494	0	36.1806	0	1025.654	0	13.500	0	213.34	0	95.5	0	-1e10	0	0.5340	0	-1e10	0	8.1485	0	-1e10	0	-1e10	0	2375	0	2038	0	306.2	0	3.599	0	8.0737	0	-1e10	0	-1e10	0	-1e10	0	-1e10	0	-0.919270	0	0.000013	0	-0.986200	0	0.000006	0	40.50	0	-0.08	0	8.0758	0
25420901	3	C	04/04/2025	16:10	-74.825	35.811	0	18.00	0	19.9419	0	36.1749	0	1025.679	0	17.868	0	213.24	0	95.3	0	-1e10	0	0.5785	0	-1e10	0	8.1443	0	-1e10	0	-1e10	0	2374	0	2041	0	309.8	0	3.558	0	8.0681	0	-1e10	0	-1e10	0	-1e10	0	-1e10	0	-0.919570	0	0.000010	0	-0.986200	0	0.000008	0	39.80	0	-0.09	0	8.0753	0
25420901	3	C	04/04/2025	16:10	-74.825	35.811	0	22.80	0	19.8860	0	36.1440	0	1025.670	0	22.633	0	213.71	0	95.4	0	-1e10	0	0.6399	0	-1e10	0	8.1318	0	-1e10	0	-1e10	0	2373	0	2048	0	320.7	0	3.470	0	8.0551	0	-1e10	0	-1e10	0	-1e10	0	-1e10	0	-0.920290	0	0.000012	0	-0.986300	0	0.000009	0	40.10	0	-0.09	0	8.0753	0
25420901	3	C	04/04/2025	16:10	-74.825	35.811	0	26.30	0	19.7355	0	36.0860	0	1025.666	0	26.107	0	214.98	0	95.7	0	-1e10	0	0.6832	0	-1e10	0	8.1141	0	-1e10	0	-1e10	0	2370	0	2058	0	336.9	0	3.340	0	8.0354	0	-1e10	0	-1e10	0	-1e10	0	-1e10	0	-0.921370	0	0.000013	0	-0.986300	0	0.000012	0	40.50	0	-0.08	0	8.0758	0
25420901	3	C	04/04/2025	16:10	-74.825	35.811	0	29.60	0	18.0255	0	35.6212	0	1025.748	0	29.382	0	221.64	0	95.3	0	-1e10	0	1.0135	0	-1e10	0	8.1082	0	-1e10	0	-1e10	0	2347	0	2060	0	341.3	0	3.076	0	8.0037	0	-1e10	0	-1e10	0	-1e10	0	-1e10	0	-0.922590	0	0.000020	0	-0.985800	0	0.000012	0	40.40	0	-0.08	0	8.0701	0
25420901	3	C	04/04/2025	16:10	-74.825	35.811	0	34.20	0	13.1694	0	34.3348	0	1025.849	0	33.948	0	237.91	0	92.2	0	-1e10	0	1.2869	0	-1e10	0	8.1254	0	-1e10	0	-1e10	0	2288	0	2044	0	320.9	0	2.582	0	7.9474	0	-1e10	0	-1e10	0	-1e10	0	-1e10	0	-0.924130	0	0.000014	0	-0.986000	0	0.000011	0	40.00	0	-0.08	0	8.0121	0
25420901	3	C	04/04/2025	16:10	-74.825	35.811	0	38.80	0	11.8278	0	34.1282	0	1025.949	0	38.514	0	237.05	0	89.2	0	-1e10	0	0.7468	0	-1e10	0	8.1114	0	-1e10	0	-1e10	0	2277	0	2053	0	331.9	0	2.382	0	7.9136	0	-1e10	0	-1e10	0	-1e10	0	-1e10	0	-0.925730	0	0.000011	0	-0.986900	0	0.000009	0	39.80	0	-0.06	0	7.9823	0
25420901	3	C	04/04/2025	16:10	-74.825	35.811	0	41.80	0	11.8150	0	34.1875	0	1025.998	0	41.491	0	231.96	0	87.3	0	-1e10	0	0.5266	0	-1e10	0	8.1052	0	-1e10	0	-1e10	0	2280	0	2058	0	337.6	0	2.357	0	7.9074	0	-1e10	0	-1e10	0	-1e10	0	-1e10	0	-0.926130	0	0.000010	0	-0.987200	0	0.000010	0	40.50	0	-0.08	0	7.9756	0
25420901	3	C	04/04/2025	16:10	-74.825	35.811	0	46.30	0	11.9544	0	34.3442	0	1026.093	0	45.957	0	225.44	0	85.2	0	-1e10	0	0.2321	0	-1e10	0	8.0895	0	-1e10	0	-1e10	0	2287	0	2070	0	352.8	0	2.309	0	7.8944	0	-1e10	0	-1e10	0	-1e10	0	-1e10	0	-0.927030	0	0.000010	0	-0.987700	0	0.000008	0	39.60	0	-0.07	0	7.9749	0
25420901	3	C	04/04/2025	16:10	-74.825	35.811	0	50.80	0	11.6400	0	34.2987	0	1026.117	0	50.424	0	222.56	0	83.5	0	-1e10	0	0.7628	0	-1e10	0	8.0774	0	-1e10	0	-1e10	0	2284	0	2076	0	363.8	0	2.227	0	7.8781	0	-1e10	0	-1e10	0	-1e10	0	-1e10	0	-0.927890	0	0.000017	0	-0.987900	0	0.000007	0	38.70	0	-0.08	0	7.9627	0
25420901	3	C	04/04/2025	16:10	-74.825	35.811	0	54.80	0	10.6320	0	34.1387	0	1026.174	0	54.393	0	223.94	0	82.2	0	-1e10	0	0.2050	0	-1e10	0	8.0695	0	-1e10	0	-1e10	0	2276	0	2080	0	369.9	0	2.103	0	7.8554	0	-1e10	0	-1e10	0	-1e10	0	-1e10	0	-0.928930	0	0.000008	0	-0.988400	0	0.000004	0	39.50	0	-0.08	0	7.9429	0
25420901	3	C	04/04/2025	16:10	-74.825	35.811	0	58.10	0	10.3030	0	34.0850	0	1026.190	0	57.668	0	222.76	0	81.1	0	-1e10	0	0.1945	0	-1e10	0	8.0625	0	-1e10	0	-1e10	0	2274	0	2083	0	376.2	0	2.045	0	7.8438	0	-1e10	0	-1e10	0	-1e10	0	-1e10	0	-0.929510	0	0.000009	0	-0.988900	0	0.000012	0	39.10	0	-0.06	0	7.9329	0
25420901	3	C	04/04/2025	16:10	-74.825	35.811	0	61.30	0	10.2254	0	34.0874	0	1026.205	0	60.844	0	222.00	0	80.7	0	-1e10	0	0.2135	0	-1e10	0	8.0616	0	-1e10	0	-1e10	0	2274	0	2084	0	376.9	0	2.035	0	7.8419	0	-1e10	0	-1e10	0	-1e10	0	-1e10	0	-0.929610	0	0.000009	0	-0.989000	0	0.000016	0	38.80	0	-0.06	0	7.9310	0
25420901	3	C	04/04/2025	16:10	-74.825	35.811	0	66.10	0	10.3552	0	34.1305	0	1026.217	0	65.608	0	219.54	0	80.1	0	-1e10	0	1.1025	0	-1e10	0	8.0702	0	-1e10	0	-1e10	0	2276	0	2081	0	368.5	0	2.081	0	7.8523	0	-1e10	0	-1e10	0	-1e10	0	-1e10	0	-0.929050	0	0.000007	0	-0.988900	0	0.000012	0	39.80	0	-0.07	0	7.9312	0
25420901	3	C	04/04/2025	16:10	-74.825	35.811	0	71.00	0	11.6231	0	34.4577	0	1026.244	0	70.470	0	212.99	0	80.0	0	-1e10	0	0.2280	0	-1e10	0	8.0661	0	-1e10	0	-1e10	0	2292	0	2087	0	374.8	0	2.184	0	7.8675	0	-1e10	0	-1e10	0	-1e10	0	-1e10	0	-0.928610	0	0.000010	0	-0.988800	0	0.000014	0	39.50	0	-0.08	0	7.9567	0
25420901	3	C	04/04/2025	16:10	-74.825	35.811	0	74.30	0	11.5875	0	34.4420	0	1026.239	0	73.745	0	211.21	0	79.2	0	-1e10	0	1.0387	0	-1e10	0	8.0676	0	-1e10	0	-1e10	0	2291	0	2086	0	373.1	0	2.186	0	7.8686	0	-1e10	0	-1e10	0	-1e10	0	-1e10	0	-0.928530	0	0.000015	0	-0.988800	0	0.000004	0	40.40	0	-0.08	0	7.9520	0
25420901	3	C	04/04/2025	16:10	-74.825	35.811	0	77.30	0	11.8173	0	34.4838	0	1026.228	0	76.722	0	207.57	0	78.3	0	-1e10	0	1.0125	0	-1e10	0	8.0661	0	-1e10	0	-1e10	0	2293	0	2087	0	374.8	0	2.200	0	7.8707	0	-1e10	0	-1e10	0	-1e10	0	-1e10	0	-0.928470	0	0.000012	0	-0.988900	0	0.000006	0	39.60	0	-0.08	0	7.9504	0
25420901	3	C	04/04/2025	16:10	-74.825	35.811	0	82.20	0	12.3605	0	34.6308	0	1026.239	0	81.585	0	202.27	0	77.2	0	-1e10	0	0.2594	0	-1e10	0	8.0489	0	-1e10	0	-1e10	0	2300	0	2097	0	393.4	0	2.179	0	7.8622	0	-1e10	0	-1e10	0	-1e10	0	-1e10	0	-0.929160	0	0.000013	0	-0.989300	0	0.000004	0	40.00	0	-0.07	0	7.9560	0
25420901	3	C	04/04/2025	16:10	-74.825	35.811	0	87.00	0	11.9510	0	34.5737	0	1026.273	0	86.348	0	200.15	0	75.7	0	-1e10	0	0.2175	0	-1e10	0	8.0351	0	-1e10	0	-1e10	0	2297	0	2103	0	407.2	0	2.085	0	7.8429	0	-1e10	0	-1e10	0	-1e10	0	-1e10	0	-0.930180	0	0.000012	0	-0.989700	0	0.000011	0	39.80	0	-0.08	0	7.9448	0
25420901	3	C	04/04/2025	16:10	-74.825	35.811	0	90.30	0	11.2273	0	34.4414	0	1026.305	0	89.622	0	200.75	0	74.7	0	-1e10	0	0.2070	0	-1e10	0	8.0359	0	-1e10	0	-1e10	0	2290	0	2102	0	404.8	0	2.025	0	7.8331	0	-1e10	0	-1e10	0	-1e10	0	-1e10	0	-0.930540	0	0.000007	0	-0.989900	0	0.000004	0	39.90	0	-0.07	0	7.9294	0
25420901	3	C	04/04/2025	16:10	-74.825	35.811	0	93.60	0	11.2385	0	34.4544	0	1026.313	0	92.897	0	198.03	0	73.8	0	-1e10	0	0.2355	0	-1e10	0	8.0298	0	-1e10	0	-1e10	0	2291	0	2105	0	411.3	0	2.001	0	7.8274	0	-1e10	0	-1e10	0	-1e10	0	-1e10	0	-0.930880	0	0.000008	0	-0.990100	0	0.000013	0	40.60	0	-0.06	0	7.9256	0
25420901	3	C	04/04/2025	16:10	-74.825	35.811	0	96.90	0	11.1240	0	34.4381	0	1026.321	0	96.171	0	195.13	0	72.5	0	-1e10	0	0.2180	0	-1e10	0	8.0210	0	-1e10	0	-1e10	0	2290	0	2109	0	420.6	0	1.957	0	7.8173	0	-1e10	0	-1e10	0	-1e10	0	-1e10	0	-0.931440	0	0.000012	0	-0.990400	0	0.000008	0	39.30	0	-0.08	0	7.9178	0
25420901	3	C	04/04/2025	16:10	-74.825	35.811	0	103.50	0	10.4930	0	34.3981	0	1026.402	0	102.720	0	190.38	0	69.8	0	-1e10	0	0.2340	0	-1e10	0	7.9973	0	-1e10	0	-1e10	0	2287	0	2121	0	446.2	0	1.821	0	7.7855	0	-1e10	0	-1e10	0	-1e10	0	-1e10	0	-0.933180	0	0.000013	0	-0.991600	0	0.000008	0	39.70	0	-0.08	0	7.8996	0
25420901	3	C	04/04/2025	16:10	-74.825	35.811	0	112.50	0	10.4720	0	34.5255	0	1026.505	0	111.650	0	183.73	0	67.4	0	-1e10	0	0.2220	0	-1e10	0	7.9888	0	-1e10	0	-1e10	0	2294	0	2129	0	456.5	0	1.795	0	7.7773	0	-1e10	0	-1e10	0	-1e10	0	-1e10	0	-0.933760	0	0.000008	0	-0.992100	0	0.000006	0	39.50	0	-0.07	0	7.8989	0
25420901	3	C	04/04/2025	16:10	-74.825	35.811	0	120.20	0	10.5740	0	34.6720	0	1026.602	0	119.289	0	177.50	0	65.3	0	-1e10	0	0.2768	0	-1e10	0	7.9781	0	-1e10	0	-1e10	0	2300	0	2139	0	470.2	0	1.771	0	7.7687	0	-1e10	0	-1e10	0	-1e10	0	-1e10	0	-0.934400	0	0.000009	0	-0.992700	0	0.000012	0	39.50	0	-0.06	0	7.9014	0
25420901	3	C	04/04/2025	16:10	-74.825	35.811	0	128.40	0	13.8266	0	35.6164	0	1026.708	0	127.424	0	174.89	0	69.3	0	-1e10	0	0.5603	0	-1e10	0	7.9461	0	-1e10	0	-1e10	0	2343	0	2168	0	521.4	0	1.930	0	7.7858	0	-1e10	0	-1e10	0	-1e10	0	-1e10	0	-0.934660	0	0.000011	0	-0.993000	0	0.000009	0	39.40	0	-0.06	0	7.9669	0
25420901	3	C	04/04/2025	16:10	-74.825	35.811	0	136.50	0	10.5383	0	34.7460	0	1026.666	0	135.460	0	172.27	0	63.3	0	-1e10	0	0.1781	0	-1e10	0	7.9724	0	-1e10	0	-1e10	0	2304	0	2144	0	476.7	0	1.750	0	7.7634	0	-1e10	0	-1e10	0	-1e10	0	-1e10	0	-0.934780	0	0.000011	0	-0.993100	0	0.000008	0	39.40	0	-0.08	0	7.8988	0
25420901	3	C	04/04/2025	16:10	-74.825	35.811	0	143.20	0	10.5947	0	34.8083	0	1026.705	0	142.107	0	168.22	0	62.0	0	-1e10	0	0.1470	0	-1e10	0	7.9689	0	-1e10	0	-1e10	0	2306	0	2147	0	481.2	0	1.744	0	7.7611	0	-1e10	0	-1e10	0	-1e10	0	-1e10	0	-0.934980	0	0.000012	0	-0.993400	0	0.000008	0	39.30	0	-0.07	0	7.8974	0
25420901	3	C	04/04/2025	16:10	-74.825	35.811	0	151.40	0	10.6999	0	34.9128	0	1026.768	0	150.241	0	161.76	0	59.8	0	-1e10	0	0.2936	0	-1e10	0	7.9619	0	-1e10	0	-1e10	0	2311	0	2153	0	490.4	0	1.730	0	7.7561	0	-1e10	0	-1e10	0	-1e10	0	-1e10	0	-0.935380	0	0.000010	0	-0.993800	0	0.000009	0	39.20	0	-0.07	0	7.8952	0
25420901	3	C	04/04/2025	16:10	-74.825	35.811	0	160.80	0	10.7320	0	35.0077	0	1026.836	0	159.566	0	157.03	0	58.1	0	-1e10	0	0.1563	0	-1e10	0	7.9616	0	-1e10	0	-1e10	0	2315	0	2156	0	490.8	0	1.735	0	7.7567	0	-1e10	0	-1e10	0	-1e10	0	-1e10	0	-0.935440	0	0.000011	0	-0.994000	0	0.000008	0	39.60	0	-0.07	0	7.8942	0
25420901	3	C	04/04/2025	16:10	-74.825	35.811	0	168.20	0	11.1645	0	35.1759	0	1026.890	0	166.906	0	150.20	0	56.1	0	-1e10	0	0.1470	0	-1e10	0	7.9578	0	-1e10	0	-1e10	0	2322	0	2160	0	496.9	0	1.758	0	7.7596	0	-1e10	0	-1e10	0	-1e10	0	-1e10	0	-0.935480	0	0.000009	0	-0.994200	0	0.000009	0	37.20	0	-0.06	0	7.8960	0
25420901	3	C	04/04/2025	16:10	-74.825	35.811	0	175.10	0	11.0365	0	35.2181	0	1026.946	0	173.750	0	148.76	0	55.5	0	-1e10	0	0.1440	0	-1e10	0	7.9522	0	-1e10	0	-1e10	0	2323	0	2165	0	503.9	0	1.731	0	7.7525	0	-1e10	0	-1e10	0	-1e10	0	-1e10	0	-0.935920	0	0.000013	0	-0.994400	0	0.000010	0	39.70	0	-0.06	0	7.8953	0
25420901	3	C	04/04/2025	16:10	-74.825	35.811	0	183.00	0	10.6495	0	35.1788	0	1026.985	0	181.586	0	150.56	0	55.7	0	-1e10	0	0.1404	0	-1e10	0	7.9493	0	-1e10	0	-1e10	0	2321	0	2167	0	506.4	0	1.693	0	7.7444	0	-1e10	0	-1e10	0	-1e10	0	-1e10	0	-0.936320	0	0.000011	0	-0.994600	0	0.000008	0	38.60	0	-0.06	0	7.8939	0
25420901	3	C	04/04/2025	16:10	-74.825	35.811	0	191.50	0	10.0932	0	35.1274	0	1027.042	0	190.016	0	152.18	0	55.6	0	-1e10	0	0.1430	0	-1e10	0	7.9466	0	-1e10	0	-1e10	0	2319	0	2169	0	508.3	0	1.645	0	7.7340	0	-1e10	0	-1e10	0	-1e10	0	-1e10	0	-0.936820	0	0.000009	0	-0.994900	0	0.000008	0	39.30	0	-0.07	0	7.8906	0
25420901	3	C	04/04/2025	16:10	-74.825	35.811	0	200.40	0	9.8221	0	35.1086	0	1027.074	0	198.843	0	151.94	0	55.2	0	-1e10	0	0.1423	0	-1e10	0	7.9444	0	-1e10	0	-1e10	0	2318	0	2171	0	510.2	0	1.619	0	7.7283	0	-1e10	0	-1e10	0	-1e10	0	-1e10	0	-0.937120	0	0.000012	0	-0.995200	0	0.000008	0	38.50	0	-0.06	0	7.8878	0
25420901	3	C	04/04/2025	16:10	-74.825	35.811	0	211.00	0	9.5458	0	35.1175	0	1027.127	0	209.355	0	149.73	0	54.0	0	-1e10	0	0.1440	0	-1e10	0	7.9426	0	-1e10	0	-1e10	0	2319	0	2173	0	511.5	0	1.595	0	7.7230	0	-1e10	0	-1e10	0	-1e10	0	-1e10	0	-0.937420	0	0.000010	0	-0.995700	0	0.000009	0	38.20	0	-0.08	0	7.8838	0
25420901	3	C	04/04/2025	16:10	-74.825	35.811	0	214.60	0	9.3939	0	35.1142	0	1027.150	0	212.925	0	151.32	0	54.4	0	-1e10	0	0.1458	0	-1e10	0	7.9432	0	-1e10	0	-1e10	0	2318	0	2174	0	510.2	0	1.587	0	7.7215	0	-1e10	0	-1e10	0	-1e10	0	-1e10	0	-0.937490	0	0.000011	0	-0.996500	0	0.000010	0	38.10	0	-0.07	0	7.8854	0
25420901	3	C	04/04/2025	16:10	-74.825	35.811	0	200.20	0	9.7862	0	35.1119	0	1027.082	0	198.644	0	154.47	0	56.0	0	-1e10	0	0.1434	0	-1e10	0	7.9490	0	-1e10	0	-1e10	0	2319	0	2169	0	504.2	0	1.632	0	7.7321	0	-1e10	0	-1e10	0	-1e10	0	-1e10	0	-0.936890	0	0.000009	0	-0.996900	0	0.000008	0	36.90	0	-0.06	0	7.8916	0
25420901	3	C	04/04/2025	16:10	-74.825	35.811	0	192.80	0	9.9213	0	35.1213	0	1027.067	0	191.305	0	154.55	0	56.2	0	-1e10	0	0.1487	0	-1e10	0	7.9524	0	-1e10	0	-1e10	0	2319	0	2168	0	500.4	0	1.654	0	7.7371	0	-1e10	0	-1e10	0	-1e10	0	-1e10	0	-0.936610	0	0.000012	0	-0.997000	0	0.000010	0	37.50	0	-0.06	0	7.8929	0
25420901	3	C	04/04/2025	16:10	-74.825	35.811	0	185.40	0	10.3158	0	35.1553	0	1027.025	0	183.966	0	153.42	0	56.3	0	-1e10	0	0.1440	0	-1e10	0	7.9565	0	-1e10	0	-1e10	0	2321	0	2165	0	496.3	0	1.695	0	7.7465	0	-1e10	0	-1e10	0	-1e10	0	-1e10	0	-0.936130	0	0.000012	0	-0.997000	0	0.000009	0	37.10	0	-0.05	0	7.8951	0
25420901	3	C	04/04/2025	16:10	-74.825	35.811	0	176.80	0	10.8420	0	35.2118	0	1026.976	0	175.436	0	152.44	0	56.6	0	-1e10	0	0.1617	0	-1e10	0	7.9589	0	-1e10	0	-1e10	0	2323	0	2163	0	494.8	0	1.742	0	7.7562	0	-1e10	0	-1e10	0	-1e10	0	-1e10	0	-0.935670	0	0.000010	0	-0.997100	0	0.000013	0	37.50	0	-0.05	0	7.8995	0
25420901	3	C	04/04/2025	16:10	-74.825	35.811	0	168.60	0	11.2358	0	35.2278	0	1026.917	0	167.303	0	154.45	0	57.8	0	-1e10	0	0.1530	0	-1e10	0	7.9589	0	-1e10	0	-1e10	0	2324	0	2162	0	495.9	0	1.769	0	7.7617	0	-1e10	0	-1e10	0	-1e10	0	-1e10	0	-0.935410	0	0.000013	0	-0.997200	0	0.000010	0	37.10	0	-0.07	0	7.9057	0
25420901	3	C	04/04/2025	16:10	-74.825	35.811	0	160.80	0	10.9307	0	35.0786	0	1026.856	0	159.566	0	162.24	0	60.3	0	-1e10	0	0.3105	0	-1e10	0	7.9589	0	-1e10	0	-1e10	0	2318	0	2159	0	495.1	0	1.743	0	7.7570	0	-1e10	0	-1e10	0	-1e10	0	-1e10	0	-0.935510	0	0.000009	0	-0.997200	0	0.000008	0	36.90	0	-0.07	0	7.9079	0
25420901	3	C	04/04/2025	16:10	-74.825	35.811	0	151.20	0	10.7252	0	34.9252	0	1026.773	0	150.043	0	170.03	0	62.8	0	-1e10	0	0.1470	0	-1e10	0	7.9669	0	-1e10	0	-1e10	0	2312	0	2151	0	484.3	0	1.751	0	7.7613	0	-1e10	0	-1e10	0	-1e10	0	-1e10	0	-0.935090	0	0.000009	0	-0.997100	0	0.000007	0	36.10	0	-0.07	0	7.9095	0
25420901	3	C	04/04/2025	16:10	-74.825	35.811	0	143.80	0	10.6618	0	34.8494	0	1026.725	0	142.702	0	173.58	0	64.0	0	-1e10	0	0.1785	0	-1e10	0	7.9706	0	-1e10	0	-1e10	0	2308	0	2148	0	479.4	0	1.757	0	7.7637	0	-1e10	0	-1e10	0	-1e10	0	-1e10	0	-0.934870	0	0.000013	0	-0.997100	0	0.000012	0	36.20	0	-0.08	0	7.9097	0
25420901	3	C	04/04/2025	16:10	-74.825	35.811	0	136.40	0	10.5860	0	34.7895	0	1026.692	0	135.361	0	177.58	0	65.4	0	-1e10	0	0.2303	0	-1e10	0	7.9751	0	-1e10	0	-1e10	0	2306	0	2144	0	473.8	0	1.766	0	7.7666	0	-1e10	0	-1e10	0	-1e10	0	-1e10	0	-0.934630	0	0.000012	0	-0.997000	0	0.000009	0	35.90	0	-0.07	0	7.9113	0
25420901	3	C	04/04/2025	16:10	-74.825	35.811	0	127.00	0	10.5324	0	34.7143	0	1026.642	0	126.035	0	182.50	0	67.1	0	-1e10	0	0.1628	0	-1e10	0	7.9810	0	-1e10	0	-1e10	0	2302	0	2139	0	466.6	0	1.780	0	7.7711	0	-1e10	0	-1e10	0	-1e10	0	-1e10	0	-0.934290	0	0.000010	0	-0.997000	0	0.000006	0	35.50	0	-0.07	0	7.9134	0
25420901	3	C	04/04/2025	16:10	-74.825	35.811	0	119.60	0	10.6094	0	34.6806	0	1026.602	0	118.694	0	187.29	0	68.9	0	-1e10	0	0.2490	0	-1e10	0	7.9879	0	-1e10	0	-1e10	0	2301	0	2135	0	458.5	0	1.810	0	7.7786	0	-1e10	0	-1e10	0	-1e10	0	-1e10	0	-0.933830	0	0.000010	0	-0.997000	0	0.000008	0	35.60	0	-0.07	0	7.9195	0
25420901	3	C	04/04/2025	16:10	-74.825	35.811	0	112.00	0	10.5580	0	34.5791	0	1026.532	0	111.153	0	194.17	0	71.3	0	-1e10	0	0.2850	0	-1e10	0	7.9972	0	-1e10	0	-1e10	0	2296	0	2128	0	447.2	0	1.835	0	7.7866	0	-1e10	0	-1e10	0	-1e10	0	-1e10	0	-0.933270	0	0.000012	0	-0.996700	0	0.000009	0	35.00	0	-0.07	0	7.9233	0
25420901	3	C	04/04/2025	16:10	-74.825	35.811	0	103.80	0	10.4458	0	34.4264	0	1026.432	0	103.017	0	202.16	0	74.0	0	-1e10	0	0.4830	0	-1e10	0	8.0156	0	-1e10	0	-1e10	0	2289	0	2115	0	425.5	0	1.887	0	7.8023	0	-1e10	0	-1e10	0	-1e10	0	-1e10	0	-0.932210	0	0.000012	0	-0.996300	0	0.000008	0	34.60	0	-0.07	0	7.9245	0
25420901	3	C	04/04/2025	16:10	-74.825	35.811	0	99.20	0	11.0097	0	34.4606	0	1026.359	0	98.453	0	204.90	0	75.9	0	-1e10	0	0.2805	0	-1e10	0	8.0353	0	-1e10	0	-1e10	0	2291	0	2104	0	405.0	0	2.006	0	7.8295	0	-1e10	0	-1e10	0	-1e10	0	-1e10	0	-0.930730	0	0.000007	0	-0.995500	0	0.000004	0	34.50	0	-0.07	0	7.9376	0
25420901	3	C	04/04/2025	16:10	-74.825	35.811	0	94.00	0	11.1567	0	34.4780	0	1026.346	0	93.294	0	206.93	0	77.0	0	-1e10	0	0.7249	0	-1e10	0	8.0413	0	-1e10	0	-1e10	0	2292	0	2102	0	399.1	0	2.043	0	7.8373	0	-1e10	0	-1e10	0	-1e10	0	-1e10	0	-0.930310	0	0.000012	0	-0.995400	0	0.000011	0	34.00	0	-0.07	0	7.9438	0
25420901	3	C	04/04/2025	16:10	-74.825	35.811	0	89.20	0	11.3468	0	34.4951	0	1026.325	0	88.531	0	208.46	0	77.8	0	-1e10	0	0.4500	0	-1e10	0	8.0545	0	-1e10	0	-1e10	0	2293	0	2095	0	385.8	0	2.113	0	7.8528	0	-1e10	0	-1e10	0	-1e10	0	-1e10	0	-0.929450	0	0.000008	0	-0.995100	0	0.000005	0	34.60	0	-0.07	0	7.9494	0
25420901	3	C	04/04/2025	16:10	-74.825	35.811	0	86.20	0	11.9613	0	34.6277	0	1026.313	0	85.554	0	209.76	0	79.4	0	-1e10	0	0.2960	0	-1e10	0	8.0532	0	-1e10	0	-1e10	0	2300	0	2097	0	388.4	0	2.166	0	7.8607	0	-1e10	0	-1e10	0	-1e10	0	-1e10	0	-0.929190	0	0.000017	0	-0.994900	0	0.000005	0	34.10	0	-0.08	0	7.9661	0
25420901	3	C	04/04/2025	16:10	-74.825	35.811	0	83.20	0	11.9622	0	34.6077	0	1026.297	0	82.577	0	213.09	0	80.7	0	-1e10	0	0.2630	0	-1e10	0	8.0616	0	-1e10	0	-1e10	0	2299	0	2093	0	379.9	0	2.200	0	7.8686	0	-1e10	0	-1e10	0	-1e10	0	-1e10	0	-0.928710	0	0.000014	0	-0.994500	0	0.000005	0	33.30	0	-0.07	0	7.9708	0
25420901	3	C	04/04/2025	16:10	-74.825	35.811	0	78.30	0	11.7725	0	34.5130	0	1026.259	0	77.715	0	216.71	0	81.7	0	-1e10	0	0.5629	0	-1e10	0	8.0685	0	-1e10	0	-1e10	0	2294	0	2087	0	372.5	0	2.209	0	7.8724	0	-1e10	0	-1e10	0	-1e10	0	-1e10	0	-0.928390	0	0.000013	0	-0.994300	0	0.000012	0	33.20	0	-0.07	0	7.9697	0
25420901	3	C	04/04/2025	16:10	-74.825	35.811	0	73.60	0	11.7770	0	34.4905	0	1026.241	0	73.050	0	217.96	0	82.1	0	-1e10	0	0.2135	0	-1e10	0	8.0673	0	-1e10	0	-1e10	0	2293	0	2087	0	373.8	0	2.203	0	7.8711	0	-1e10	0	-1e10	0	-1e10	0	-1e10	0	-0.928450	0	0.000015	0	-0.994300	0	0.000008	0	33.20	0	-0.07	0	7.9704	0
25420901	3	C	04/04/2025	16:10	-74.825	35.811	0	69.40	0	11.6050	0	34.4572	0	1026.247	0	68.883	0	219.88	0	82.5	0	-1e10	0	0.2124	0	-1e10	0	8.0655	0	-1e10	0	-1e10	0	2292	0	2088	0	375.5	0	2.181	0	7.8666	0	-1e10	0	-1e10	0	-1e10	0	-1e10	0	-0.928660	0	0.000011	0	-0.994500	0	0.000009	0	33.40	0	-0.07	0	7.9698	0
25420901	3	C	04/04/2025	16:10	-74.825	35.811	0	65.20	0	11.3720	0	34.3748	0	1026.226	0	64.715	0	222.92	0	83.2	0	-1e10	0	0.2300	0	-1e10	0	8.0580	0	-1e10	0	-1e10	0	2288	0	2090	0	382.7	0	2.126	0	7.8557	0	-1e10	0	-1e10	0	-1e10	0	-1e10	0	-0.929200	0	0.000015	0	-0.994700	0	0.000008	0	32.50	0	-0.06	0	7.9675	0
25420901	3	C	04/04/2025	16:10	-74.825	35.811	0	62.40	0	10.5365	0	34.2272	0	1026.260	0	61.936	0	231.25	0	84.7	0	-1e10	0	0.2520	0	-1e10	0	8.0625	0	-1e10	0	-1e10	0	2281	0	2087	0	376.9	0	2.072	0	7.8475	0	-1e10	0	-1e10	0	-1e10	0	-1e10	0	-0.929440	0	0.000014	0	-0.994700	0	0.000009	0	33.10	0	-0.06	0	7.9647	0
25420901	3	C	04/04/2025	16:10	-74.825	35.811	0	58.50	0	10.1330	0	34.0787	0	1026.214	0	58.065	0	237.56	0	86.2	0	-1e10	0	0.2171	0	-1e10	0	8.0760	0	-1e10	0	-1e10	0	2274	0	2079	0	363.0	0	2.087	0	7.8543	0	-1e10	0	-1e10	0	-1e10	0	-1e10	0	-0.928870	0	0.000009	0	-0.994600	0	0.000012	0	32.80	0	-0.06	0	7.9625	0
25420901	3	C	04/04/2025	16:10	-74.825	35.811	0	53.40	0	10.8570	0	34.1866	0	1026.172	0	53.004	0	241.32	0	89.0	0	-1e10	0	0.3056	0	-1e10	0	8.0950	0	-1e10	0	-1e10	0	2279	0	2070	0	346.1	0	2.232	0	7.8835	0	-1e10	0	-1e10	0	-1e10	0	-1e10	0	-0.927370	0	0.000013	0	-0.993900	0	0.000006	0	32.80	0	-0.07	0	7.9858	0
25420901	3	C	04/04/2025	16:10	-74.825	35.811	0	50.00	0	11.2840	0	34.2520	0	1026.146	0	49.630	0	245.43	0	91.4	0	-1e10	0	0.5138	0	-1e10	0	8.0933	0	-1e10	0	-1e10	0	2283	0	2070	0	348.4	0	2.264	0	7.8881	0	-1e10	0	-1e10	0	-1e10	0	-1e10	0	-0.927220	0	0.000006	0	-0.993800	0	0.000009	0	33.20	0	-0.08	0	8.0030	0
25420901	3	C	04/04/2025	16:10	-74.825	35.811	0	46.00	0	10.3220	0	33.9791	0	1026.104	0	45.660	0	260.72	0	94.9	0	-1e10	0	0.3510	0	-1e10	0	8.1133	0	-1e10	0	-1e10	0	2271	0	2059	0	328.9	0	2.256	0	7.8929	0	-1e10	0	-1e10	0	-1e10	0	-1e10	0	-0.926590	0	0.000009	0	-0.993200	0	0.000010	0	33.00	0	-0.07	0	8.0072	0
25420901	3	C	04/04/2025	16:10	-74.825	35.811	0	41.20	0	11.3185	0	34.0571	0	1025.988	0	40.896	0	265.39	0	98.7	0	-1e10	0	0.8170	0	-1e10	0	8.1543	0	-1e10	0	-1e10	0	2275	0	2035	0	295.2	0	2.533	0	7.9477	0	-1e10	0	-1e10	0	-1e10	0	-1e10	0	-0.923620	0	0.000016	0	-0.991900	0	0.000011	0	32.10	0	-0.07	0	8.0340	0
25420901	3	C	04/04/2025	16:10	-74.825	35.811	0	38.00	0	11.7610	0	34.1300	0	1025.963	0	37.720	0	267.65	0	100.6	0	-1e10	0	0.9942	0	-1e10	0	8.1619	0	-1e10	0	-1e10	0	2279	0	2030	0	289.6	0	2.617	0	7.9617	0	-1e10	0	-1e10	0	-1e10	0	-1e10	0	-0.922930	0	0.000015	0	-0.991800	0	0.000007	0	31.60	0	-0.07	0	8.0477	0
25420901	3	C	04/04/2025	16:10	-74.825	35.811	0	34.80	0	12.0485	0	34.1842	0	1025.951	0	34.543	0	269.88	0	102.0	0	-1e10	0	1.1687	0	-1e10	0	8.1803	0	-1e10	0	-1e10	0	2282	0	2020	0	275.6	0	2.740	0	7.9840	0	-1e10	0	-1e10	0	-1e10	0	-1e10	0	-0.921730	0	0.000012	0	-0.991400	0	0.000007	0	32.80	0	-0.08	0	8.0582	0
25420901	3	C	04/04/2025	16:10	-74.825	35.811	0	30.70	0	13.9547	0	34.5745	0	1025.873	0	30.474	0	262.70	0	103.6	0	-1e10	0	1.3690	0	-1e10	0	8.2026	0	-1e10	0	-1e10	0	2300	0	2006	0	260.1	0	3.084	0	8.0348	0	-1e10	0	-1e10	0	-1e10	0	-1e10	0	-0.919360	0	0.000012	0	-0.990900	0	0.000011	0	31.80	0	-0.08	0	8.0805	0
25420901	3	C	04/04/2025	16:10	-74.825	35.811	0	26.70	0	18.3535	0	35.7169	0	1025.739	0	26.504	0	231.90	0	100.3	0	-1e10	0	0.8331	0	-1e10	0	8.1780	0	-1e10	0	-1e10	0	2352	0	2019	0	280.5	0	3.532	0	8.0776	0	-1e10	0	-1e10	0	-1e10	0	-1e10	0	-0.918400	0	0.000008	0	-0.991500	0	0.000006	0	32.80	0	-0.08	0	8.0888	0
25420901	3	C	04/04/2025	16:10	-74.825	35.811	0	22.80	0	19.5766	0	36.1005	0	1025.718	0	22.633	0	223.83	0	99.3	0	-1e10	0	0.7355	0	-1e10	0	8.1693	0	-1e10	0	-1e10	0	2371	0	2026	0	288.2	0	3.664	0	8.0875	0	-1e10	0	-1e10	0	-1e10	0	-1e10	0	-0.918310	0	0.000009	0	-0.991100	0	0.000008	0	32.80	0	-0.08	0	8.0881	0
25420901	3	C	04/04/2025	16:10	-74.825	35.811	0	18.80	0	19.8954	0	36.1819	0	1025.696	0	18.662	0	222.26	0	99.2	0	-1e10	0	0.6049	0	-1e10	0	8.1676	0	-1e10	0	-1e10	0	2375	0	2027	0	289.8	0	3.701	0	8.0906	0	-1e10	0	-1e10	0	-1e10	0	-1e10	0	-0.918250	0	0.000009	0	-0.990500	0	0.000011	0	32.60	0	-0.08	0	8.0878	0
25420901	3	C	04/04/2025	16:10	-74.825	35.811	0	14.70	0	19.9704	0	36.2242	0	1025.709	0	14.592	0	221.28	0	99.0	0	-1e10	0	0.5757	0	-1e10	0	8.1681	0	-1e10	0	-1e10	0	2377	0	2028	0	289.7	0	3.719	0	8.0920	0	-1e10	0	-1e10	0	-1e10	0	-1e10	0	-0.918220	0	0.000010	0	-0.990000	0	0.000006	0	32.30	0	-0.09	0	8.0873	0
25420901	3	C	04/04/2025	16:10	-74.825	35.811	0	10.20	0	20.1454	0	36.2551	0	1025.685	0	10.125	0	220.46	0	98.9	0	-1e10	0	0.4440	0	-1e10	0	8.1671	0	-1e10	0	-1e10	0	2379	0	2028	0	290.6	0	3.739	0	8.0936	0	-1e10	0	-1e10	0	-1e10	0	-1e10	0	-0.918190	0	0.000012	0	-0.988900	0	0.000009	0	32.60	0	-0.08	0	8.0870	0
25420901	3	C	04/04/2025	16:10	-74.825	35.811	0	6.00	0	20.1385	0	36.2507	0	1025.684	0	5.956	0	220.04	0	98.7	0	-1e10	0	0.4204	0	-1e10	0	8.1690	0	-1e10	0	-1e10	0	2379	0	2027	0	289.1	0	3.752	0	8.0952	0	-1e10	0	-1e10	0	-1e10	0	-1e10	0	-0.918100	0	0.000011	0	-0.986900	0	0.000012	0	31.80	0	-0.08	0	8.0864	0
25420901	3	C	04/04/2025	16:10	-74.825	35.811	0																													